[163.983, 0]
[164.368, 0]
[164.753, 1.67982e-322]
[165.137, 0]
[165.522, 0]
[165.907, 0]
[166.291, 0]
[166.676, 1.26103e-311]
[167.061, -nan(ind)]
[167.445, 0]
[167.83, 0]
[168.215, 5.34793e-310]
[168.6, 4.80394e-312]
[168.984, 4.70944e-304]
[169.369, 1.00917e-303]
[169.754, 6.88066e-317]
[170.139, 0]
[170.524, 9.93188e-310]
[170.908, 7.20591e-312]
[171.293, 8.8302e-304]
[171.678, -nan]
[172.063, -nan]
[172.448, -nan]
[172.833, 6.95231e-310]
[173.218, 6.72552e-312]
[173.602, -inf]
[173.987, 3.74823e-313]
[174.372, 0]
[174.757, 0]
[175.142, -nan]
[175.527, -nan]
[175.912, -nan]
[176.297, -nan]
[176.682, -nan]
[177.067, -nan]
[177.452, 4.03531e-312]
[177.837, 0]
[178.222, 0]
[178.607, 0]
[178.992, 0]
[179.377, 0]
[179.763, 0]
[180.148, 0]
[180.533, 0]
[180.918, -3.42883e+303]
[181.303, -4.98739e+303]
[181.688, -4.2201e+303]
[182.073, 0]
[182.459, 4.15539e-304]
[182.844, 7.50618e-317]
[183.229, 0]
[183.614, 0]
[183.999, 0]
[184.385, 5.43397e-304]
[184.77, 8.8302e-304]
[185.155, 4.15539e-304]
[185.54, -nan]
[185.926, -nan]
[186.311, 0]
[186.696, 0]
[187.082, -3.51061e+303]
[187.467, -nan]
[187.852, 0]
[188.238, 0]
[188.623, 0]
[189.009, 6.32029e-310]
[189.394, 5.6046e-312]
[189.779, 5.60487e-312]
[190.165, 4.94066e-322]
[190.55, 0]
[190.936, 1.43279e-322]
[191.321, 6.95231e-310]
[191.707, 6.72552e-312]
[192.092, 0]
[192.478, 7.75345e-312]
[192.863, 5.62234e-313]
[193.249, 3.55095e-313]
[193.634, 3.65911e-310]
[194.02, 5.6046e-312]
[194.405, 6.95229e-310]
[194.791, 6.13347e-313]
[195.176, 0]
[195.562, 0]
[195.947, 5.68175e-322]
[196.333, 4.496e-322]
[196.719, 4.63486e-310]
[197.104, 4.14294e-313]
[197.49, 6.95231e-310]
[197.876, 7.76021e-312]
[198.261, 9.17116e-312]
[198.647, 5.48182e-313]
[199.033, 4.34518e-310]
[199.418, 5.38456e-312]
[199.804, 3.31062e-310]
[200.19, 7.20591e-312]
[200.576, 7.41098e-321]
[200.961, 9.52064e-321]
[201.347, 238.824]
[201.733, 47.0588]
[202.119, 8.69039e-310]
[202.505, 1.26103e-311]
[202.89, 72.7273]
[203.276, 84]
[203.662, 5.79359e-310]
[204.048, 4.79585e-310]
[204.434, 0]
[204.82, 0]
[205.205, 1.15872e-309]
[205.591, 1.26103e-311]
[205.977, 6.57819e-313]
[206.363, 6.74681e-313]
[206.749, 0]
[207.135, 0]
[207.521, 5.62234e-313]
[207.907, 3.96871e-313]
[208.293, 4.96594e-310]
[208.679, 5.93428e-312]
[209.065, 5.30499e-312]
[209.451, 2.69873e-313]
[209.837, 4.49788e-313]
[210.223, 5.3098e-312]
[210.609, 7.75345e-312]
[210.995, 2.81117e-313]
[211.381, 0]
[211.767, 0]
[212.153, 0]
[212.54, 0]
[212.926, 0]
[213.312, -nan]
[213.698, 0]
[214.084, 0]
[214.47, 0]
[214.857, 0]
[215.243, 7.07332e-314]
[215.629, 5.43761e-313]
[216.015, 0]
[216.401, 1.04667e-309]
[216.788, 0]
[217.174, 9.88131e-324]
[217.56, 0]
[217.946, 7.01573e-322]
[218.333, 0]
[218.719, 4.77449e-313]
[219.105, 0]
[219.492, 0]
[219.878, 0]
[220.264, 2.48296e-310]
[220.651, 0]
[221.037, 0]
[221.424, 0]
[221.81, 0]
[222.196, 0]
[222.583, 0]
[222.969, 0]
[223.356, 0]
[223.742, 0]
[224.129, 0]
[224.515, 0]
[224.902, 0]
[225.288, 140]
[225.675, 32]
[226.061, 0]
[226.448, 0]
[226.834, 55.5556]
[227.221, 16.4286]
[227.607, 0]
[227.994, 0]
[228.381, 0]
[228.767, 0]
[229.154, 0]
[229.541, 0]
[229.927, 0]
[230.314, 0]
[230.701, 0]
[231.087, 0]
[231.474, 0]
[231.861, 0]
[232.247, 0]
[232.634, 0]
[233.021, 0]
[233.408, 0]
[233.794, 0]
[234.181, 0]
[234.568, 0]
[234.955, 2.17639e-313]
[235.342, 0]
[235.729, 0]
[236.115, 0]
[236.502, 0]
[236.889, 0]
[237.276, 0]
[237.663, 0]
[238.05, 0]
[238.437, 0]
[238.824, 0]
[239.211, 0]
[239.598, 0]
[239.985, 0]
[240.372, 3.60296e-312]
[240.759, 0]
[241.146, 0]
[241.533, 0]
[241.92, 0]
[242.307, 0]
[242.694, 0]
[243.081, 0]
[243.468, 0]
[243.855, 0]
[244.242, 0]
[244.629, 0]
[245.016, 4.03531e-312]
[245.403, 0]
[245.791, 0]
[246.178, 0]
[246.565, 0]
[246.952, 0]
[247.339, 0]
[247.727, 0]
[248.114, 0]
[248.501, 0]
[248.888, 0]
[249.276, 0]
[249.663, 0]
[250.05, 0]
[250.437, 0]
[250.825, 0]
[251.212, 0]
[251.599, 0]
[251.987, 0]
[252.374, 0]
[252.761, 0]
[253.149, 0]
[253.536, 0]
[253.924, 0]
[254.311, 0]
[254.698, 0]
[255.086, 0]
[255.473, 0]
[255.861, 0]
[256.248, 0]
[256.636, 0]
[257.023, 0]
[257.411, 0]
[257.798, 0]
[258.186, 0]
[258.573, 0]
[258.961, 0]
[259.349, 0]
[259.736, 0]
[260.124, 0]
[260.511, 0]
[260.899, 0]
[261.287, 0]
[261.674, 0]
[262.062, 0]
[262.45, 0]
[262.837, 0]
[263.225, 0]
[263.613, 0]
[264.001, 0]
[264.388, 0]
[264.776, 32]
[265.164, 253.75]
[265.552, 1.23516e-322]
[265.939, 2.78092e-310]
[266.327, 0]
[266.715, 3.96871e-313]
[267.103, 0]
[267.491, 0]
[267.878, 0]
[268.266, 0]
[268.654, 5.02081e-315]
[269.042, 0]
[269.43, 8.28905e-317]
[269.818, 0]
[270.206, 0]
[270.594, 3.60313e-312]
[270.982, 1.85275e-321]
[271.37, 3.16202e-321]
[271.758, 0]
[272.146, 1.66994e-321]
[272.534, 4.20345e-312]
[272.922, 2.59493e-313]
[273.31, 2.17262e-310]
[273.698, 4.58558e-312]
[274.086, 0]
[274.474, 0]
[274.862, 2.17389e-321]
[275.25, 4.0355e-312]
[275.638, 4.38642e-312]
[276.026, 5.94262e-320]
[276.414, 2.89683e-310]
[276.802, 3.7364e-312]
[277.19, 2.59493e-313]
[277.579, 4.58558e-312]
[277.967, 4.5858e-312]
[278.355, 1.93476e-313]
[278.743, 2.08496e-321]
[279.131, 1.58678e-314]
[279.519, 0]
[279.908, 5.62089e-315]
[280.296, 5.04438e-312]
[280.684, 4.69871e-313]
[281.072, 1.97626e-323]
[281.461, 3.06673e-313]
[281.849, 3.16014e-310]
[282.237, 2.58674e-312]
[282.626, 2.17389e-321]
[283.014, 5.60487e-312]
[283.402, 0]
[283.791, 0]
[284.179, 0]
[284.567, 0]
[284.956, 1.74405e-321]
[285.344, 0]
[285.733, 0]
[286.121, 0]
[286.509, 0]
[286.898, 0]
[287.286, 2.89683e-310]
[287.675, 1.72429e-321]
[288.063, 5.73116e-322]
[288.452, 3.15708e-321]
[288.84, 0]
[289.229, 0]
[289.617, 0]
[290.006, 0]
[290.394, 3.60295e-312]
[290.783, 5.46733e-320]
[291.172, 3.47871e-312]
[291.56, 3.05705e-312]
[291.949, 0]
[292.337, 1.33398e-322]
[292.726, 2.8023e-312]
[293.115, 1.81322e-321]
[293.503, 0]
[293.892, 5.49151e-315]
[294.281, 4.69362e-322]
[294.669, 1.10521e-316]
[295.058, 4.94066e-323]
[295.447, 3.60538e-312]
[295.835, 3.21277e-313]
[296.224, 2.47033e-323]
[296.613, 2.78096e-310]
[297.002, 0]
[297.391, 0]
[297.779, 6.50833e-320]
[298.168, 6.83095e-320]
[298.557, 0]
[298.946, 4.03531e-312]
[299.335, 3.41893e-321]
[299.723, 3.16018e-310]
[300.112, 2.88236e-312]
[300.501, 3.16013e-310]
[300.89, 4.71092e-320]
[301.279, 4.40904e-320]
[301.668, 0]
[302.057, 2.40958e-313]
[302.446, 4.94066e-324]
[302.835, 2.39735e-310]
[303.224, 5.34069e-310]
[303.613, 0]
[304.002, 0]
[304.391, 5.30499e-313]
[304.78, 0]
[305.169, 2.39735e-310]
[305.558, 2.78093e-310]
[305.947, 2.39738e-310]
[306.336, 0]
[306.725, 3.8624e-310]
[307.114, 2.49882e-313]
[307.503, 2.10681e-310]
[307.892, 1.97626e-323]
[308.281, 2.04479e-310]
[308.67, 3.02274e-310]
[309.06, 2.39734e-310]
[309.449, 9.55523e-321]
[309.838, 2.65481e-312]
[310.227, 4.0958e-321]
[310.616, 3.58198e-321]
[311.005, 5.05923e-321]
[311.395, 3.25145e-312]
[311.784, 3.60296e-312]
[312.173, 2.483e-310]
[312.562, 5.04414e-312]
[312.952, 2.78092e-310]
[313.341, 3.59981e-312]
[313.73, 2.02073e-321]
[314.12, 3.31024e-321]
[314.509, 5.04438e-312]
[314.898, 3.07309e-321]
[315.288, 2.89683e-310]
[315.677, 5.04438e-312]
[316.066, 4.38641e-312]
[316.456, 3.36276e-312]
[316.845, 3.25444e-312]
[317.234, 6.29968e-312]
[317.624, 5.37543e-321]
[318.013, 3.25444e-312]
[318.403, 4.03199e-312]
[318.792, 0]
[319.182, 3.02275e-310]
[319.571, 3.88011e-312]
[319.961, 3.73653e-312]
[320.35, 3.18672e-321]
[320.74, 3.02275e-310]
[321.129, 4.20345e-312]
[321.519, 2.48297e-310]
[321.908, 4.44875e-310]
[322.298, 5.04438e-312]
[322.687, 3.05439e-312]
[323.077, 2.49882e-313]
[323.467, 5.18986e-313]
[323.856, 3.16014e-310]
[324.246, 3.47872e-312]
[324.635, 5.59971e-312]
[325.025, 3.06673e-313]
[325.415, 3.55096e-313]
[325.804, 3.73653e-312]
[326.194, 0]
[326.584, 2.9334e-313]
[326.974, 2.8362e-315]
[327.363, 4.24325e-310]
[327.753, 0]
[328.143, 1.11684e-314]
[328.533, 3.8801e-312]
[328.922, 0]
[329.312, 0]
[329.702, 0]
[330.092, 2.42092e-322]
[330.482, 4.03531e-312]
[330.871, 2.42092e-322]
[331.261, 5.6046e-312]
[331.651, 2.9334e-313]
[332.041, 9.88131e-324]
[332.431, 3.31066e-310]
[332.821, 6.72551e-312]
[333.211, 3.02274e-310]
[333.601, 8.16152e-315]
[333.99, 2.67396e-310]
[334.38, 2.1726e-310]
[334.77, 2.96728e-312]
[335.16, 4.94066e-324]
[335.55, 4.0896e-310]
[335.94, 0]
[336.33, 1.6976e-314]
[336.72, 3.37947e-313]
[337.11, 3.65911e-310]
[337.5, 2.31744e-310]
[337.891, 2.67396e-310]
[338.281, 0]
[338.671, 3.02278e-310]
[339.061, 0]
[339.451, 3.65911e-310]
[339.841, 0]
[340.231, 2.67397e-310]
[340.621, 2.78092e-310]
[341.012, 5.3098e-312]
[341.402, 3.31063e-310]
[341.792, 2.483e-310]
[342.182, 0]
[342.572, 3.16014e-310]
[342.962, 4.03545e-312]
[343.353, 2.49882e-313]
[343.743, 5.60479e-312]
[344.133, 5.3098e-312]
[344.523, 2.73806e-314]
[344.914, 2.53007e-313]
[345.304, 0]
[345.694, 2.8968e-310]
[346.085, 4.20345e-312]
[346.475, 3.65911e-310]
[346.865, 3.73314e-312]
[347.256, 0]
[347.646, 0]
[348.036, 3.16014e-310]
[348.427, 4.03531e-312]
[348.817, 2.78092e-310]
[349.208, 2.81117e-313]
[349.598, 4.20359e-312]
[349.989, 4.04028e-312]
[350.379, 2.17639e-313]
[350.77, 2.9334e-313]
[351.16, 4.08959e-310]
[351.551, 1.92766e-313]
[351.941, 2.05568e-313]
[352.332, 2.81117e-313]
[352.722, 2.69873e-313]
[353.113, 2.87985e-312]
[353.503, 3.16013e-310]
[353.894, 4.03545e-312]
[354.284, 3.73653e-312]
[354.675, 1.28606e-314]
[355.066, 3.80191e-313]
[355.456, 4.20359e-312]
[355.847, 3.60308e-312]
[356.237, 4.94066e-324]
[356.628, 3.6591e-310]
[357.019, 4.03179e-312]
[357.409, 0]
[357.8, 2.40958e-313]
[358.191, 2.8968e-310]
[358.582, 1.72995e-313]
[358.972, 2.24268e-310]
[359.363, 0]
[359.754, 3.05705e-312]
[360.145, 0]
[360.535, 2.39735e-310]
[360.926, 3.87672e-312]
[361.317, 0]
[361.708, 2.72665e-312]
[362.099, 2.40958e-313]
[362.489, 9.64544e-315]
[362.88, 2.24268e-310]
[363.271, 2.6549e-312]
[363.662, 2.67397e-310]
[364.053, 4.38636e-312]
[364.444, 2.10676e-310]
[364.835, 0]
[365.226, 3.31062e-310]
[365.617, 0]
[366.008, 1.98436e-313]
[366.399, 3.25461e-312]
[366.79, 3.02274e-310]
[367.181, 1.98436e-313]
[367.572, 3.73677e-312]
[367.963, 3.47883e-312]
[368.354, 2.24268e-310]
[368.745, 1.56059e-314]
[369.136, 2.04479e-310]
[369.527, 3.36287e-312]
[369.918, 0]
[370.309, 9.88131e-324]
[370.7, 2.24268e-310]
[371.091, 2.59493e-313]
[371.482, 2.72683e-312]
[371.873, 2.72665e-312]
[372.265, 2.69873e-313]
[372.656, 2.63127e-313]
[373.047, 2.72683e-312]
[373.438, 2.58448e-312]
[373.829, 2.31744e-310]
[374.221, 3.88024e-312]
[374.612, 1.72995e-313]
[375.003, 2.34407e-312]
[375.394, 2.17259e-310]
[375.786, -nan]
[376.177, 1.78264e-310]
[376.568, 3.47888e-312]
[376.959, 2.48297e-310]
[377.351, 2.34619e-312]
[377.742, 3.05716e-312]
[378.133, 2.80239e-312]
[378.525, 1.65531e-310]
[378.916, 2.58686e-312]
[379.308, 10.2222]
[379.699, 6.42779e-321]
[380.09, 0]
[380.482, 0]
[380.873, 1.9864e-310]
[381.265, 0]
[381.656, 7.94388e-313]
[382.048, 9.64544e-315]
[382.439, 1.82956e-310]
[382.831, 1.98436e-313]
[383.222, 1.54496e-310]
[383.614, 1.72995e-313]
[384.005, 1.77548e-313]
[384.397, 1.78264e-310]
[384.788, 1.47922e-310]
[385.18, 0]
[385.571, 1.24117e-313]
[385.963, 1.73184e-310]
[386.355, 0]
[386.746, 0]
[387.138, 1.60638e-313]
[387.53, 1.60638e-313]
[387.921, 1.4484e-310]
[388.313, 2.14644e-312]
[388.705, 1.77789e-313]
[389.096, 2.24894e-313]
[389.488, 1.53337e-313]
[389.88, 2.19318e-312]
[390.271, 1.3769e-313]
[390.663, 0]
[391.055, 1.27298e-313]
[391.447, 3.18165e-315]
[391.839, 1.2197e-310]
[392.23, 2.24184e-312]
[392.622, 2.10172e-312]
[393.014, 4.16783e-315]
[393.406, 1.40551e-313]
[393.798, 4.8661e-318]
[394.189, 1.37046e-313]
[394.581, 1.55789e-317]
[394.973, 7.61553e-320]
[395.365, 0]
[395.757, 0]
[396.149, 1.90351e-312]
[396.541, 1.34936e-313]
[396.933, 1.98053e-312]
[397.325, 0]
[397.717, 0]
[398.109, 0]
[398.501, 8.48798e-315]
[398.893, 1.9414e-313]
[399.285, 4.62544e-320]
[399.677, -nan]
[400.069, 2.14651e-312]
[400.461, 1.22669e-313]
[400.853, 1.32625e-314]
[401.245, 1.2609e-313]
[401.637, 0]
[402.029, 0]
[402.421, 6.52922e-315]
[402.814, 1.86216e-313]
[403.206, 0]
[403.598, -nan]
[403.99, 0]
[404.382, 1.6539e-312]
[404.774, 1.60139e-312]
[405.167, 1.40326e-313]
[405.559, -inf]
[405.951, -inf]
[406.343, -nan]
[406.736, -nan]
[407.128, -nan]
[407.52, -nan]
[407.913, -nan]
[408.305, 1.50579e-312]
[408.697, 1.46214e-312]
[409.09, 1.41466e-314]
[409.482, 2.8183e-315]
[409.874, 0]
[410.267, 0]
[410.659, 2.75584e-315]
[411.051, 5.55173e-313]
[411.444, 0]
[411.836, 0]
[412.229, 0]
[412.621, -7.51525e+302]
[413.014, 0]
[413.406, 0]
[413.799, 0]
[414.191, 1.00693e-317]
[414.584, 2.52619e-315]
[414.976, 3.45978e-313]
[415.369, 0]
[415.761, 7.76281e-305]
[416.154, 8.94198e-305]
[416.546, 6.99422e-305]
[416.939, 7.51506e-305]
[417.332, 0]
[417.724, 0]
[418.117, 0]
[418.509, 0]
[418.902, 2.40196e-315]
[419.295, 0]
[419.687, 0]
[420.08, 0]
[420.473, 1.05086e-312]
[420.866, 7.31822e-311]
[421.258, 0]
[421.651, 6.55877e-311]
[422.044, 1.07327e-312]
[422.437, 1.01907e-312]
[422.829, 9.88184e-313]
[423.222, 6.74981e-311]
[423.615, 1.08382e-312]
[424.008, 1.00888e-312]
[424.401, 9.42874e-313]
[424.793, 5.76651e-314]
[425.186, 8.68921e-313]
[425.579, 6.62123e-311]
[425.972, 5.91826e-314]
[426.365, 8.69721e-313]
[426.758, 9.25574e-313]
[427.151, 6.37825e-311]
[427.544, 8.5498e-313]
[427.937, 5.99336e-311]
[428.33, 8.12861e-313]
[428.723, 3.56638e-315]
[429.116, 5.99336e-311]
[429.509, 5.79358e-311]
[429.902, 2.81681e-313]
[430.295, 8.77242e-313]
[430.688, 0]
[431.081, 9.25575e-313]
[431.474, 5.06014e-314]
[431.867, 5.47425e-311]
[432.26, 1.97626e-323]
[432.653, 5.22472e-315]
[433.046, 6.33432e-315]
[433.439, 2.07508e-322]
[433.832, 2.2233e-322]
[434.226, 9.2553e-313]
[434.619, 0]
[435.012, 5.43156e-311]
[435.405, 2.28846e-318]
[435.798, 3.95253e-323]
[436.191, 7.76059e-313]
[436.585, 0]
[436.978, 5.14985e-311]
[437.371, 0]
[437.765, 4.60013e-314]
[438.158, 6.8164e-313]
[438.551, 6.81674e-313]
[438.944, 6.90978e-313]
[439.338, 7.20591e-313]
[439.731, 3.95253e-323]
[440.124, 3.45846e-323]
[440.518, 7.25775e-313]
[440.911, 4.27014e-314]
[441.305, 0]
[441.698, 0]
[442.091, 3.95253e-323]
[442.485, 2.96439e-323]
[442.878, 3.95253e-323]
[443.272, 6.77065e-313]
[443.665, 4.1647e-314]
[444.059, 0]
[444.452, 4.51454e-311]
[444.845, 5.73197e-313]
[445.239, 4.26521e-311]
[445.633, 2.96439e-323]
[446.026, 0]
[446.42, 2.47033e-323]
[446.813, 3.95253e-323]
[447.207, 3.84689e-314]
[447.6, 4.18814e-311]
[447.994, 8.16812e-311]
[448.388, 3.69808e-311]
[448.781, 5.69959e-313]
[449.175, 3.77842e-311]
[449.568, 0]
[449.962, 4.42082e-315]
[450.356, 0]
[450.749, 3.82e-311]
[451.143, 3.71649e-314]
[451.537, 3.63995e-311]
[451.931, 7.50584e-311]
[452.324, 3.8411e-311]
[452.718, 5.01467e-313]
[453.112, 3.52909e-311]
[453.506, 3.5471e-311]
[453.899, 3.3265e-311]
[454.293, 0]
[454.687, 3.45886e-311]
[455.081, 4.82716e-313]
[455.475, 9.26638e-314]
[455.868, 0]
[456.262, 4.8503e-313]
[456.656, 0]
[457.05, 3.16752e-314]
[457.444, 0]
[457.838, 3.264e-311]
[458.232, 0]
[458.626, 3.20387e-311]
[459.02, 0]
[459.414, 0]
[459.808, 0]
[460.202, 0]
[460.596, 4.78134e-313]
[460.99, 3.11767e-311]
[461.384, 0]
[461.778, 4.23877e-313]
[462.172, 0]
[462.566, 0]
[462.96, 0]
[463.354, 0]
[463.748, 2.7538e-314]
[464.142, 2.86103e-311]
[464.536, 0]
[464.931, 2.82293e-314]
[465.325, 4.08446e-313]
[465.719, 2.80334e-311]
[466.113, 4.20359e-313]
[466.507, 3.9876e-313]
[466.902, 2.74794e-311]
[467.296, 2.66372e-311]
[467.69, 3.88024e-313]
[468.084, 3.59026e-313]
[468.478, 0]
[468.873, 2.78092e-311]
[469.267, 3.70569e-313]
[469.661, 0]
[470.056, 2.46234e-314]
[470.45, 2.39735e-311]
[470.844, 2.49882e-314]
[471.239, 2.448e-311]
[471.633, 0]
[472.027, 2.32649e-314]
[472.422, 0]
[472.816, 2.42241e-311]
[473.211, 3.28322e-313]
[473.605, 2.29449e-311]
[474, 3.41987e-313]
[474.394, 2.27933e-314]
[474.788, 6.54937e-316]
[475.183, 2.24994e-311]
[475.577, 3.3517e-313]
[475.972, 2.15242e-311]
[476.366, 3.26493e-313]
[476.761, 2.30973e-311]
[477.155, 0]
[477.55, 2.20009e-311]
[477.945, 0]
[478.339, 2.08778e-311]
[478.734, 3.13332e-313]
[479.128, 2.063e-311]
[479.523, 1.9961e-314]
[479.918, 3.04812e-313]
[480.312, 3.02962e-313]
[480.707, 1.97509e-311]
[481.102, 2.01397e-314]
[481.496, 1.9584e-311]
[481.891, 2.84989e-313]
[482.286, 0]
[482.68, 0]
[483.075, 1.96393e-311]
[483.47, 1.81855e-314]
[483.865, 2.93293e-313]
[484.259, 2.71199e-313]
[484.654, 1.8088e-314]
[485.049, 1.79242e-314]
[485.444, 2.77178e-313]
[485.839, 2.79463e-313]
[486.234, 1.86389e-311]
[486.628, 2.56708e-313]
[487.023, 1.76157e-314]
[487.418, 1.74952e-314]
[487.813, 2.55425e-313]
[488.208, -nan]
[488.603, 1.64045e-314]
[488.998, 2.61367e-313]
[489.393, 1.75121e-311]
[489.788, 2.54121e-313]
[490.183, 2.45465e-313]
[490.578, 2.53483e-313]
[490.973, 1.72995e-314]
[491.368, 1.62826e-314]
[491.763, 1.58511e-314]
[492.158, 5.2371e-322]
[492.553, 0]
[492.948, 0]
[493.343, 1.71241e-311]
[493.738, 0]
[494.133, 0]
[494.528, 1.67415e-314]
[494.923, 1.57649e-311]
[495.318, 1.56903e-314]
[495.714, 1.65926e-311]
[496.109, 1.55816e-314]
[496.504, 1.55099e-314]
[496.899, 1.60192e-311]
[497.294, 1.56584e-311]
[497.689, 0]
[498.085, 1.48492e-314]
[498.48, 1.39789e-311]
[498.875, 0]
[499.27, 1.38391e-315]
[499.666, 1.4572e-314]
[500.061, 1.4174e-314]
[500.456, 1.46365e-311]
[500.852, 2.10172e-313]
[501.247, 1.39368e-314]
[501.642, 1.43244e-314]
[502.038, 1.3741e-314]
[502.433, 2.04637e-313]
[502.828, 0]
[503.224, 1.2939e-315]
[503.619, 1.34131e-314]
[504.015, 3.17175e-311]
[504.41, 1.38769e-311]
[504.806, 1.98588e-313]
[505.201, 1.28732e-314]
[505.596, 1.2682e-314]
[505.992, 1.28266e-314]
[506.387, 1.90705e-313]
[506.783, 0]
[507.178, 0]
[507.574, 0]
[507.97, 2.94016e-311]
[508.365, 0]
[508.761, 0]
[509.156, 0]
[509.552, 0]
[509.947, 2.84944e-311]
[510.343, 1.77144e-313]
[510.739, 0]
[511.134, 0]
[511.53, 1.18844e-311]
[511.926, 0]
[512.321, 0]
[512.717, 0]
[513.113, 0]
[513.509, 0]
[513.904, 2.69753e-311]
[514.3, 6.42246e-319]
[514.696, 0]
[515.092, 0]
[515.487, 1.21122e-311]
[515.883, 0]
[516.279, 1.09349e-314]
[516.675, 0]
[517.071, 0]
[517.467, 0]
[517.862, 0]
[518.258, 3.13081e-315]
[518.654, 1.22227e-314]
[519.05, 1.71219e-315]
[519.446, 0]
[519.842, 1.61938e-313]
[520.238, 1.06778e-314]
[520.634, 6.57983e-316]
[521.03, 1.36391e-314]
[521.426, 0]
[521.822, 0]
[522.218, 5.48907e-321]
[522.614, 1.04703e-311]
[523.01, 1.64128e-315]
[523.406, 0]
[523.802, 1.51029e-313]
[524.198, 0]
[524.594, 0]
[524.99, 1.43378e-314]
[525.387, 0]
[525.783, 1.37792e-314]
[526.179, 5.37543e-321]
[526.575, 0]
[526.971, 0]
[527.367, 1.01643e-311]
[527.764, 1.38981e-320]
[528.16, 0]
[528.556, 1.44533e-313]
[528.952, 1.14377e-314]
[529.348, 0]
[529.745, 1.32625e-314]
[530.141, 4.51058e-312]
[530.537, 1.43503e-313]
[530.934, 0]
[531.33, 1.35597e-313]
[531.726, 1.35234e-313]
[532.123, 2.63979e-320]
[532.519, 1.36514e-313]
[532.915, 0]
[533.312, 0]
[533.708, 1.33268e-313]
[534.104, 9.11732e-315]
[534.501, 9.43337e-312]
[534.897, 9.11732e-315]
[535.294, 0]
[535.69, 0]
[536.087, 8.97183e-315]
[536.483, 9.04082e-312]
[536.88, 0]
[537.276, 0]
[537.673, 1.28729e-313]
[538.069, 9.04399e-315]
[538.466, 8.82284e-312]
[538.862, 0]
[539.259, 8.7232e-312]
[539.655, 0]
[540.052, 1.25478e-313]
[540.449, 8.53054e-312]
[540.845, 0]
[541.242, 8.2178e-315]
[541.639, 3.7508e-315]
[542.035, 2.55048e-316]
[542.432, 1.22581e-313]
[542.829, 1.25748e-315]
[543.225, 0]
[543.622, 8.13145e-312]
[544.019, 4.95215e-316]
[544.416, 8.16967e-312]
[544.812, 2.55662e-316]
[545.209, 1.17171e-313]
[545.606, 2.22478e-320]
[546.003, 2.3063e-320]
[546.4, 1.14641e-313]
[546.796, 1.16764e-313]
[547.193, 8.19858e-312]
[547.59, 1.15428e-313]
[547.987, 1.15033e-313]
[548.384, 0]
[548.781, 0]
[549.178, 0]
[549.574, 1.14772e-313]
[549.971, 0]
[550.368, 7.67372e-312]
[550.765, 1.09064e-313]
[551.162, 0]
[551.559, 0]
[551.956, 0]
[552.353, 0]
[552.75, 7.6483e-312]
[553.147, 7.49171e-312]
[553.544, 1.11598e-313]
[553.941, 1.05527e-313]
[554.338, 0]
[554.735, 7.33349e-315]
[555.133, 7.16222e-315]
[555.53, 7.13194e-315]
[555.927, 1.05417e-313]
[556.324, 0]
[556.721, 7.05818e-312]
[557.118, 1.44544e-317]
[557.515, 6.95927e-312]
[557.913, 7.09419e-312]
[558.31, 0]
[558.707, 6.73335e-315]
[559.104, 6.87666e-312]
[559.502, 6.71325e-315]
[559.899, 6.75637e-312]
[560.296, 0]
[560.693, 0]
[561.091, 0]
[561.488, 6.69134e-312]
[561.885, 6.62124e-312]
[562.283, 6.37093e-315]
[562.68, 0]
[563.077, 6.69779e-312]
[563.475, 2e-316]
[563.872, 6.46125e-312]
[564.269, 0]
[564.667, 6.5526e-312]
[565.064, 6.53412e-312]
[565.462, 6.24127e-315]
[565.859, 6.32028e-312]
[566.257, 6.10019e-315]
[566.654, 0]
[567.052, 6.33756e-312]
[567.449, 6.41949e-312]
[567.847, 6.32603e-312]
[568.244, 6.15585e-315]
[568.642, 6.26899e-312]
[569.039, 6.16885e-312]
[569.437, 6.09468e-315]
[569.834, 6.02932e-315]
[570.232, 6.19635e-312]
[570.63, 5.95482e-315]
[571.027, 6.04012e-315]
[571.425, 5.99184e-315]
[571.823, 6.11999e-312]
[572.22, 6.14703e-312]
[572.618, 6.09317e-312]
[573.016, 6.28599e-312]
[573.413, 6.03499e-312]
[573.811, 6.05074e-312]
[574.209, 6.01931e-312]
[574.606, 6.0141e-312]
[575.004, 6.04023e-312]
[575.402, 5.83868e-315]
[575.8, 5.79842e-312]
[576.198, 6.05602e-312]
[576.595, 5.932e-312]
[576.993, 5.78395e-312]
[577.391, 5.68462e-312]
[577.789, 8.42134e-314]
[578.187, 5.9068e-312]
[578.585, 8.34472e-314]
[578.982, 5.91183e-312]
[579.38, 5.72678e-312]
[579.778, 0]
[580.176, -nan]
[580.574, 0]
[580.972, -nan]
[581.37, 5.5134e-312]
[581.768, 5.42302e-312]
[582.166, 5.44852e-312]
[582.564, 8.01969e-314]
[582.962, 5.50896e-312]
[583.36, 5.22199e-315]
[583.758, 5.37279e-312]
[584.156, 0]
[584.554, 0]
[584.952, 5.33562e-312]
[585.35, 5.259e-312]
[585.748, 0]
[586.147, 5.14224e-312]
[586.545, 7.48399e-314]
[586.943, 5.15374e-312]
[587.341, 7.50627e-314]
[587.739, 5.11952e-312]
[588.137, 7.39078e-314]
[588.536, 0]
[588.934, 1.17588e-321]
[589.332, 4.89965e-315]
[589.73, 5.02698e-312]
[590.129, 4.77482e-315]
[590.527, 4.76807e-315]
[590.925, 4.9029e-312]
[591.323, 7.03016e-314]
[591.722, 4.78497e-315]
[592.12, 0]
[592.518, 4.75128e-315]
[592.917, 6.94808e-314]
[593.315, 0]
[593.713, 1.46851e-316]
[594.112, 0]
[594.51, 2.90884e-316]
[594.909, 6.29282e-315]
[595.307, 0]
[595.706, 4.70074e-312]
[596.104, 0]
[596.502, 2.82368e-316]
[596.901, 6.26258e-315]
[597.299, 0]
[597.698, 0]
[598.096, 4.59814e-312]
[598.495, 6.84889e-314]
[598.893, 2.82368e-316]
[599.292, 6.12799e-315]
[599.691, 0]
[600.089, 1.27914e-320]
[600.488, 4.45334e-315]
[600.886, 4.41257e-315]
[601.285, 4.50279e-312]
[601.684, 6.53386e-314]
[602.082, 4.33043e-315]
[602.481, 0]
[602.88, 4.25398e-315]
[603.278, 6.4464e-314]
[603.677, 0]
[604.076, 0]
[604.474, 0]
[604.873, 0]
[605.272, 2.73983e-316]
[605.671, 5.80444e-315]
[606.07, 0]
[606.468, 0]
[606.867, 6.2661e-314]
[607.266, 0]
[607.665, 0]
[608.064, 0]
[608.463, 0]
[608.861, 3.92489e-312]
[609.26, 4.22895e-312]
[609.659, 1.22874e-320]
[610.058, 4.25744e-312]
[610.457, 6.25833e-314]
[610.856, 0]
[611.255, 0]
[611.654, 0]
[612.053, 2.01971e-312]
[612.452, 0]
[612.851, 1.19317e-320]
[613.25, 4.20847e-312]
[613.649, 0]
[614.048, 4.01119e-315]
[614.447, 0]
[614.846, 0]
[615.245, 3.83344e-315]
[615.644, 0]
[616.043, 1.24239e-316]
[616.443, 4.22633e-312]
[616.842, 4.07999e-312]
[617.241, 6.00326e-314]
[617.64, 5.96595e-314]
[618.039, 3.9409e-315]
[618.438, 0]
[618.838, 4.0164e-312]
[619.237, 4.16306e-312]
[619.636, 2.58449e-316]
[620.035, 1.82952e-314]
[620.435, 4.03032e-312]
[620.834, 0]
[621.233, 3.93457e-312]
[621.632, 0]
[622.032, 3.9036e-312]
[622.431, 3.83344e-315]
[622.83, 5.72561e-314]
[623.23, 3.78397e-315]
[623.629, 3.88185e-312]
[624.028, 0]
[624.428, 0]
[624.827, 5.72555e-314]
[625.227, 5.69645e-314]
[625.626, 0]
[626.026, 3.95697e-312]
[626.425, 0]
[626.824, 3.80102e-315]
[627.224, 3.75031e-315]
[627.623, 3.88179e-312]
[628.023, 5.6933e-314]
[628.422, 3.73785e-315]
[628.822, 0]
[629.221, 3.88614e-312]
[629.621, 3.74989e-312]
[630.021, -nan]
[630.42, 0]
[630.82, 3.79493e-312]
[631.22, 3.86024e-312]
[631.619, 3.89267e-312]
[632.019, 3.4772e-312]
[632.419, 0]
[632.818, 0]
[633.218, 3.61566e-315]
[633.618, 3.61372e-315]
[634.017, 3.72778e-312]
[634.417, 5.28736e-314]
[634.817, 3.52314e-315]
[635.216, 3.46038e-315]
[635.616, 3.49576e-315]
[636.016, 5.29308e-314]
[636.416, 3.53978e-315]
[636.816, 0]
[637.215, 3.40662e-315]
[637.615, 3.42971e-315]
[638.015, 3.55435e-312]
[638.415, 3.6191e-312]
[638.815, 2.22665e-316]
[639.215, 4.76479e-315]
[639.615, 3.58181e-312]
[640.015, 3.65525e-312]
[640.414, 0]
[640.814, 0]
[641.214, 3.53806e-312]
[641.614, 3.52729e-312]
[642.014, 3.49538e-312]
[642.414, 3.51659e-312]
[642.814, 0]
[643.214, 0]
[643.614, 3.49537e-312]
[644.014, 4.98926e-314]
[644.414, 3.51482e-312]
[644.815, 3.5598e-312]
[645.215, 0]
[645.615, 0]
[646.015, 3.54709e-312]
[646.415, 5.18944e-314]
[646.815, 3.54347e-312]
[647.215, 5.09252e-314]
[647.615, 3.42985e-312]
[648.016, 3.47615e-312]
[648.416, 3.48487e-312]
[648.816, 3.53089e-312]
[649.216, 3.53267e-312]
[649.616, 5.06949e-314]
[650.017, 3.46402e-312]
[650.417, 3.44003e-312]
[650.817, 3.45027e-312]
[651.217, 4.97009e-314]
[651.618, 3.41972e-312]
[652.018, 4.95306e-314]
[652.418, 3.43493e-312]
[652.819, 4.92592e-314]
[653.219, 3.38641e-312]
[653.619, 4.84596e-314]
[654.02, 3.39302e-312]
[654.42, 4.91392e-314]
[654.821, 3.33764e-312]
[655.221, 4.84823e-314]
[655.621, 3.42815e-312]
[656.022, 4.82001e-314]
[656.422, 3.33924e-312]
[656.823, 4.90009e-314]
[657.223, 3.31219e-312]
[657.624, 4.98491e-314]
[658.024, 3.34084e-312]
[658.425, 4.77907e-314]
[658.825, 3.23664e-312]
[659.226, 4.66664e-314]
[659.627, 3.18183e-312]
[660.027, 4.62149e-314]
[660.428, 3.20678e-312]
[660.828, 4.69222e-314]
[661.229, 3.24874e-312]
[661.63, 4.59184e-314]
[662.03, 3.20678e-312]
[662.431, 3.12642e-315]
[662.832, 3.20678e-312]
[663.232, 4.53418e-314]
[663.633, 3.22762e-312]
[664.034, 4.50586e-314]
[664.434, 3.1587e-312]
[664.835, 3.05562e-315]
[665.236, 3.03637e-315]
[665.637, 3.10341e-315]
[666.037, 3.15012e-312]
[666.438, 4.54222e-314]
[666.839, 3.0776e-312]
[667.24, 3.01197e-315]
[667.641, 2.92773e-315]
[668.042, 4.48169e-314]
[668.442, 2.96433e-315]
[668.843, 2.99326e-315]
[669.244, 3.03992e-312]
[669.645, 3.01063e-315]
[670.046, 2.92624e-315]
[670.447, 2.96563e-315]
[670.848, 2.99592e-315]
[671.249, 4.43066e-314]
[671.65, 2.86649e-315]
[672.051, 4.47572e-314]
[672.452, 2.93467e-315]
[672.853, 2.95136e-315]
[673.254, 3.04392e-312]
[673.655, 2.94749e-315]
[674.056, 2.91199e-315]
[674.457, 2.90435e-315]
[674.858, 2.9207e-315]
[675.259, 4.32802e-314]
[675.66, 3.02932e-312]
[676.061, 4.34667e-314]
[676.463, 2.96221e-312]
[676.864, 4.3862e-314]
[677.265, 3.01758e-312]
[677.666, 3.1132e-306]
[678.067, 4.0487e-310]
[678.468, 4.25845e-314]
[678.87, 4.2842e-314]
[679.271, 6.31278e-316]
[679.672, 2.94964e-312]
[680.073, 2.83123e-315]
[680.475, -2.45771e+301]
[680.876, 2.85398e-315]
[681.277, 3.44061e-73]
[681.678, 2.93098e-312]
[682.08, 1.54508e-306]
[682.481, 4.08418e-315]
[682.882, 0]
[683.284, 0]
[683.685, 2.90467e-306]
[684.087, 0]
[684.488, 3.97377e-315]
[684.889, 2.86338e-312]
[685.291, 0]
[685.692, 3.95403e-315]
[686.094, 3.28842e-309]
[686.495, 3.67203e-309]
[686.897, 8.77369e-317]
[687.298, 2.95076e-306]
[687.7, 2.91063e-306]
[688.101, 2.89869e-306]
[688.503, 2.92874e-306]
[688.904, 1.51554e-306]
[689.306, 1.4859e-306]
[689.707, 1.49811e-306]
[690.109, 1.51177e-306]
[690.511, 0]
[690.912, 0]
[691.314, 0]
[691.716, -3.84704e+296]
[692.117, 0]
[692.519, 2.83074e-312]
[692.92, 0]
[693.322, 0]
[693.724, 3.82571e-315]
[694.126, 0]
[694.527, 0]
[694.929, 2.75605e-315]
[695.331, 2.80335e-312]
[695.733, 0]
[696.134, 0]
[696.536, 2.68905e-315]
[696.938, 0]
[697.34, -2.31747e+301]
[697.742, 0]
[698.144, 2.80901e-312]
[698.545, 3.98589e-314]
[698.947, 0]
[699.349, 2.66108e-315]
[699.751, 2.74686e-312]
[700.153, 3.97646e-314]
[700.555, 2.65937e-315]
[700.957, 4.00138e-314]
[701.359, 0]
[701.761, 4.07462e-314]
[702.163, 2.76324e-312]
[702.565, 4.07252e-314]
[702.967, 2.65205e-315]
[703.369, 0]
[703.771, 2.75339e-312]
[704.173, 3.97352e-314]
[704.575, 2.66474e-312]
[704.977, 3.93305e-314]
[705.379, 2.64997e-315]
[705.781, 0]
[706.184, 2.72533e-312]
[706.586, 3.9469e-314]
[706.988, 0]
[707.39, 0]
[707.792, 2.65964e-312]
[708.194, 3.92082e-314]
[708.597, 0]
[708.999, 0]
[709.401, 0]
[709.803, 0]
[710.206, 2.70728e-312]
[710.608, 3.86969e-314]
[711.01, 2.65518e-315]
[711.413, 0]
[711.815, 2.67911e-312]
[712.217, 3.88179e-314]
[712.62, 2.65964e-312]
[713.022, 3.8069e-314]
[713.424, 2.58499e-315]
[713.827, 0]
[714.229, 2.67191e-312]
[714.631, 3.83731e-314]
[715.034, 2.64145e-312]
[715.436, 0]
[715.839, 2.65254e-312]
[716.241, 0]
[716.644, 2.64547e-312]
[717.046, 3.82566e-314]
[717.449, 0]
[717.851, 0]
[718.254, 2.63345e-312]
[718.656, 3.84902e-314]
[719.059, 2.58202e-315]
[719.462, 3.85891e-314]
[719.864, 0]
[720.267, 0]
[720.669, 2.62847e-312]
[721.072, 3.79401e-314]
[721.475, 2.57021e-315]
[721.877, 3.82959e-314]
[722.28, 2.59611e-312]
[722.683, 3.82088e-314]
[723.085, 2.49052e-315]
[723.488, 3.79116e-314]
[723.891, 2.52217e-315]
[724.294, 3.72674e-314]
[724.696, 2.61956e-312]
[725.099, 0]
[725.502, 2.58162e-312]
[725.905, 0]
[726.307, 0]
[726.71, 0]
[727.113, 2.60191e-312]
[727.516, 0]
[727.919, 2.65153e-312]
[728.322, 2.53449e-315]
[728.725, 2.52974e-315]
[729.127, 0]
[729.53, 3.77555e-314]
[729.933, 2.59318e-312]
[730.336, 2.57398e-312]
[730.739, 2.51841e-315]
[731.142, 2.54213e-315]
[731.545, 3.79297e-314]
[731.948, 2.60191e-312]
[732.351, 0]
[732.754, -2.17757e+301]
[733.157, 0]
[733.56, 0]
[733.963, 0]
[734.366, 1.38383e-306]
[734.77, 0]
[735.173, 0]
[735.576, 0]
[735.979, 2.6349e-306]
[736.382, 2.61055e-306]
[736.785, 2.65072e-306]
[737.188, 1.043e-308]
[737.592, 1.03018e-308]
[737.995, 1.04645e-308]
[738.398, 1.01985e-308]
[738.801, 2.52291e-306]
[739.204, 2.47778e-306]
[739.608, 2.48738e-306]
[740.011, 2.51126e-306]
[740.414, 2.4988e-306]
[740.818, 2.52741e-306]
[741.221, 0]
[741.624, 0]
[742.028, 1.30555e-306]
[742.431, 1.29673e-306]
[742.834, 0]
[743.238, 0]
[743.641, 0]
[744.044, -3.28304e+296]
[744.448, 0]
[744.851, 0]
[745.255, 0]
[745.658, -3.57791e+224]
[746.062, 0]
[746.465, 0]
[746.869, 0]
[747.272, 1.27281e-306]
[747.676, 0]
[748.079, 0]
[748.483, 0]
[748.886, -1.11194e+229]
[749.29, 0]
[749.694, 0]
[750.097, 0]
[750.501, 2.45732e-306]
[750.904, 0]
[751.308, 0]
[751.712, 0]
[752.116, -1.97739e+301]
[752.519, 0]
[752.923, 0]
[753.327, 1.03204e-308]
[753.73, -2.90724e+231]
[754.134, 1.02943e-308]
[754.538, 1.03958e-308]
[754.942, 1.05186e-308]
[755.345, -5.15553e+303]
[755.749, 1.02869e-308]
[756.153, 1.02131e-308]
[756.557, 0]
[756.961, 1.31024e-306]
[757.365, 0]
[757.768, 0]
[758.172, 0]
[758.576, -2.13044e+301]
[758.98, 0]
[759.384, 0]
[759.788, 0]
[760.192, -nan]
[760.596, 0]
[761, 0]
[761.404, 2.4841e-315]
[761.808, 2.53087e-312]
[762.212, 2.42604e-315]
[762.616, 2.47953e-315]
[763.02, 2.47408e-315]
[763.424, 2.49052e-315]
[763.828, 0]
[764.232, 0]
[764.636, 4.94066e-324]
[765.041, 0]
[765.445, 0]
[765.849, 0]
[766.253, 0]
[766.657, 0]
[767.061, 0]
[767.466, -1.9874e+301]
[767.87, 2.96368e-316]
[768.274, 1.50124e-316]
[768.678, 0]
[769.083, -nan]
[769.487, 0]
[769.891, 0]
[770.295, 0]
[770.7, 0]
[771.104, 0]
[771.508, 0]
[771.913, 0]
[772.317, 0]
[772.721, -nan]
[773.126, -nan]
[773.53, -nan]
[773.935, 7.0804e-317]
[774.339, 0]
[774.744, 0]
[775.148, 0]
[775.552, -1.89114e+301]
[775.957, -inf]
[776.362, -inf]
[776.766, -inf]
[777.171, -nan]
[777.575, -1.85782e+301]
[777.98, -1.88139e+301]
[778.384, -1.85907e+301]
[778.789, -1.85593e+301]
[779.193, -1.8848e+301]
[779.598, -nan]
[780.003, 0]
[780.407, 0]
[780.812, 2.40687e-306]
[781.217, 2.42255e-306]
[781.621, 2.44012e-306]
[782.026, 2.85506e-319]
[782.431, 0]
[782.835, 0]
[783.24, 0]
[783.645, 2.4334e-306]
[784.05, -2.90738e+301]
[784.455, -3.77529e+301]
[784.859, -2.91976e+301]
[785.264, -3.78963e+301]
[785.669, 2.51215e-306]
[786.074, 2.50591e-306]
[786.479, 2.49001e-306]
[786.883, 2.46654e-306]
[787.288, 9.79856e-309]
[787.693, 9.92835e-309]
[788.098, 9.89042e-309]
[788.503, 1.00474e-308]
[788.908, 2.46482e-306]
[789.313, 2.5068e-306]
[789.718, 2.53196e-306]
[790.123, 2.483e-312]
[790.528, 0]
[790.933, 2.56879e-306]
[791.338, 2.51483e-306]
[791.743, 2.50858e-306]
[792.148, 0]
[792.553, 0]
[792.958, 0]
[793.363, 0]
[793.768, 0]
[794.173, 0]
[794.579, 0]
[794.984, 5.24505e-316]
[795.389, 0]
[795.794, 0]
[796.199, 2.46324e-315]
[796.604, 2.5683e-312]
[797.01, 0]
[797.415, 2.56073e-312]
[797.82, 0]
[798.225, 1.04262e-308]
[798.63, 3.69128e-314]
[799.036, 3.7062e-314]
[799.441, 3.71713e-314]
[799.846, 2.53552e-312]
[800.252, 3.62502e-314]
[800.657, 2.48319e-315]
[801.062, 7.41098e-323]
[801.468, 7.41098e-323]
[801.873, -2.0319e+301]
[802.278, -2.0037e+301]
[802.684, -2.0319e+301]
[803.089, -2.04936e+301]
[803.495, 7.87967e-317]
[803.9, 2.38337e-316]
[804.306, 3.93108e-316]
[804.711, 5.56746e-316]
[805.117, -3.077e+301]
[805.522, -4.04535e+301]
[805.928, -3.09087e+301]
[806.333, -4.05432e+301]
[806.739, 3.895e-316]
[807.144, 3.94276e-316]
[807.55, 3.93545e-316]
[807.955, 3.90073e-316]
[808.361, 3.17664e-316]
[808.767, 1.60575e-316]
[809.172, 0]
[809.578, -nan]
[809.984, 0]
[810.389, 0]
[810.795, 7.41098e-323]
[811.201, 2.61562e-312]
[811.606, 3.81121e-314]
[812.012, 2.63648e-312]
[812.418, 0]
[812.823, 0]
[813.229, 2.52595e-315]
[813.635, 2.63445e-312]
[814.041, 3.78689e-314]
[814.447, -2.08836e+301]
[814.852, 7.98343e-317]
[815.258, 0]
[815.664, 0]
[816.07, 2.62351e-312]
[816.476, 3.81554e-314]
[816.882, 2.57022e-315]
[817.288, 2.61403e-315]
[817.693, 0]
[818.099, 0]
[818.505, 0]
[818.911, 2.6947e-312]
[819.317, 2.64749e-312]
[819.723, 2.59318e-312]
[820.129, 2.58004e-315]
[820.535, 2.5845e-312]
[820.941, 2.63046e-312]
[821.347, 0]
[821.753, 3.80403e-314]
[822.159, 0]
[822.566, 0]
[822.972, 2.64972e-306]
[823.378, 2.6485e-312]
[823.784, 3.8549e-314]
[824.19, 3.21528e-319]
[824.596, 0]
[825.002, 0]
[825.409, 0]
[825.815, 2.65052e-312]
[826.221, 3.81409e-314]
[826.627, -nan]
[827.033, -nan]
[827.44, -nan]
[827.846, -inf]
[828.252, 2.63345e-312]
[828.658, 3.79116e-314]
[829.065, -nan]
[829.471, 2.55949e-315]
[829.877, 0]
[830.284, 0]
[830.69, -nan]
[831.096, -nan]
[831.503, -nan]
[831.909, -nan]
[832.316, 8.24717e-317]
[832.722, 0]
[833.129, 3.82277e-314]
[833.535, 0]
[833.942, 0]
[834.348, 0]
[834.754, 0]
[835.161, 0]
[835.568, 0]
[835.974, -2.09955e+301]
[836.381, -2.0844e+301]
[836.787, -2.05242e+301]
[837.194, 0]
[837.6, 2.67785e-306]
[838.007, 3.14784e-319]
[838.414, 0]
[838.82, 0]
[839.227, 0]
[839.633, 2.69522e-306]
[840.04, 2.72853e-306]
[840.447, 2.6577e-306]
[840.854, -nan]
[841.26, -nan]
[841.667, 0]
[842.074, 0]
[842.481, -2.12245e+301]
[842.887, -nan]
[843.294, 0]
[843.701, 0]
[844.108, -nan]
[844.515, 0]
[844.921, 0]
[845.328, 2.62451e-312]
[845.735, 3.71713e-314]
[846.142, 3.81428e-314]
[846.549, 5.29973e-312]
[846.956, -nan]
[847.363, 5.26171e-312]
[847.77, 2.64447e-312]
[848.177, 3.76709e-314]
[848.584, 0]
[848.991, 3.80933e-314]
[849.398, 2.51747e-315]
[849.805, 2.55949e-315]
[850.212, 2.60094e-312]
[850.619, 3.77697e-314]
[851.026, 2.64748e-312]
[851.433, 2.50718e-315]
[851.84, 0]
[852.247, 0]
[852.654, -nan]
[853.061, 4.2693e-312]
[853.468, 2.60191e-312]
[853.876, 3.25728e-315]
[854.283, 2.57207e-312]
[854.69, 3.74056e-314]
[855.097, 3.72124e-314]
[855.504, 2.47953e-315]
[855.912, 2.62153e-312]
[856.319, 3.25351e-314]
[856.726, 2.59705e-312]
[857.133, 3.7685e-314]
[857.541, 9.88131e-324]
[857.948, 4.44659e-323]
[858.355, 1.5206]
[858.763, 0.295858]
[859.17, 2.54943e-312]
[859.577, 3.75587e-314]
[859.985, 0.298507]
[860.392, 0.46788]
[860.799, 2.54757e-312]
[861.207, 2.28541e-312]
[861.614, 0]
[862.022, -nan]
[862.429, 2.53549e-312]
[862.836, 3.67515e-314]
[863.244, 2.36116e-315]
[863.651, 2.49236e-315]
[864.059, 0]
[864.466, 0]
[864.874, 2.46144e-315]
[865.282, 2.4392e-315]
[865.689, 2.53642e-312]
[866.097, 3.66713e-314]
[866.504, 3.68267e-314]
[866.912, 2.49605e-315]
[867.32, 2.4525e-315]
[867.727, 3.68736e-314]
[868.135, 3.59084e-314]
[868.542, 2.4392e-315]
[868.95, -nan]
[869.358, 0]
[869.766, 0]
[870.173, 3.60496e-314]
[870.581, 2.32609e-315]
[870.989, -nan]
[871.396, 7.51407e-317]
[871.804, 3.53738e-314]
[872.212, 0]
[872.62, 4.61434e-314]
[873.028, 3.01527e-316]
[873.435, 3.06452e-315]
[873.843, 3.56488e-314]
[874.251, 5.46102e-312]
[874.659, -1.89831e+301]
[875.067, 3.59084e-314]
[875.475, 2.42833e-312]
[875.883, 3.52306e-314]
[876.291, 2.31751e-314]
[876.699, 3.38017e-315]
[877.107, 2.45925e-312]
[877.515, 3.59559e-314]
[877.922, 2.48031e-312]
[878.331, 2.49365e-312]
[878.739, 3.61492e-314]
[879.147, -nan]
[879.555, 2.38488e-315]
[879.963, 0]
[880.371, 2.43855e-312]
[880.779, 3.50543e-314]
[881.187, 2.23976e-315]
[881.595, 9.88131e-324]
[882.003, 3.43147e-314]
[882.411, 3.44344e-314]
[882.819, 0]
[883.228, 7.09223e-317]
[883.636, 1.33861]
[884.044, 0.261438]
[884.452, 0]
[884.86, 6.97566e-317]
[885.269, 0.489077]
[885.677, 0.146264]
[886.085, 3.26067e-314]
[886.493, 3.22341e-314]
[886.902, 0]
[887.31, 0]
[887.718, 3.12927e-314]
[888.127, 3.10993e-314]
[888.535, 0]
[888.943, 0]
[889.352, 0]
[889.76, 0]
[890.168, 0]
[890.577, 3.04153e-314]
[890.985, 3.81533e-314]
[891.394, 3.88821e-314]
[891.802, 0]
[892.211, 0]
[892.619, 0]
[893.028, 0]
[893.436, 0]
[893.845, 2.07021e-315]
[894.253, 0]
[894.662, 0]
[895.07, 0]
[895.479, 0]
[895.888, 0]
[896.296, 0]
[896.705, 0]
[897.114, 0]
[897.522, 0]
[897.931, 2.56149e-314]
[898.34, 2.48017e-314]
[898.748, 4.07924e-314]
[899.157, 9.88131e-324]
[899.566, 3.17241e-314]
[899.974, 2.19801e-312]
[900.383, 2.12766e-315]
[900.792, 2.13981e-315]
[901.201, 0]
[901.61, 0]
[902.018, 0]
[902.427, 0]
[902.836, 2.20149e-312]
[903.245, 0]
[903.654, 2.21976e-312]
[904.063, 0]
[904.472, 3.21385e-314]
[904.88, 0]
[905.289, 0]
[905.698, 0]
[906.107, 0]
[906.516, 0]
[906.925, 0]
[907.334, 0]
[907.743, 0]
[908.152, 0]
[908.561, 0]
[908.97, 0]
[909.379, 0]
[909.789, 0]
[910.198, 0]
[910.607, 0]
[911.016, 0]
[911.425, 0]
[911.834, 0]
[912.243, 0]
[912.652, 0]
[913.062, 0]
[913.471, 0]
[913.88, 0]
[914.289, 0]
[914.699, 0]
[915.108, 0]
[915.517, 0]
[915.926, 0]
[916.336, 0]
[916.745, 0]
[917.154, 0]
[917.564, 0]
[917.973, 0]
[918.383, 0]
[918.792, 0]
[919.201, 0]
[919.611, 0]
[920.02, 0]
[920.43, 0]
[920.839, 0]
[921.249, 0]
[921.658, 0]
[922.068, 0]
[922.477, 0]
[922.887, 0]
[923.296, 0]
[923.706, 0]
[924.115, 0]
[924.525, 0]
[924.935, 0]
[925.344, 0.259994]
[925.754, 1.34526]
[926.163, 0]
[926.573, 2.32441e-312]
[926.983, 0]
[927.392, 2.22374e-315]
[927.802, 0]
[928.212, 0]
[928.622, 2.33223e-312]
[929.031, 0]
[929.441, 5.99551e-317]
[929.851, 0]
[930.261, 5.61777e-319]
[930.67, 0]
[931.08, 1.61277e-317]
[931.49, 3.38549e-314]
[931.9, 1.97626e-323]
[932.31, 1.84459e-314]
[932.72, 0]
[933.13, 1.97626e-323]
[933.539, 3.44951e-314]
[933.949, 3.41215e-314]
[934.359, 2.3949e-312]
[934.769, 3.43139e-314]
[935.179, 0]
[935.589, 0]
[935.999, 1.4822e-323]
[936.409, 1.82298e-314]
[936.819, 3.4176e-314]
[937.229, 4.59481e-322]
[937.639, 2.3393e-312]
[938.049, 3.44075e-314]
[938.46, 2.33212e-315]
[938.87, 3.48232e-314]
[939.28, 3.47409e-314]
[939.69, 2.25126e-315]
[940.1, 1.97626e-323]
[940.51, 1.31003e-316]
[940.92, 0]
[941.331, 5.79675e-317]
[941.741, 3.53124e-314]
[942.151, 2.2833e-315]
[942.561, 0]
[942.971, 2.37397e-315]
[943.382, 2.399e-312]
[943.792, 3.53231e-314]
[944.202, 1.97626e-323]
[944.612, 3.58393e-314]
[945.023, 2.41738e-312]
[945.433, 1.69698e-312]
[945.843, 0]
[946.254, 0]
[946.664, 0]
[947.074, 1.47286e-319]
[947.485, 2.33696e-315]
[947.895, 0]
[948.306, 3.51149e-314]
[948.716, 2.33777e-315]
[949.126, 2.43602e-312]
[949.537, 1.97626e-323]
[949.947, 4.94066e-324]
[950.358, 1.97626e-323]
[950.768, 0]
[951.179, 0]
[951.59, 0]
[952, 0]
[952.411, 3.61069e-314]
[952.821, 4.84184e-322]
[953.232, 3.55346e-314]
[953.642, 3.64198e-314]
[954.053, 0]
[954.464, 0]
[954.874, 2.50895e-312]
[955.285, 2.44893e-315]
[955.696, 0]
[956.106, 0]
[956.517, 3.68194e-314]
[956.928, 0]
[957.339, 0]
[957.749, 2.41216e-315]
[958.16, 2.49008e-312]
