[163.983, 1649]
[164.368, 1645]
[164.753, 1647]
[165.137, 1637]
[165.522, 1646]
[165.907, 1642]
[166.291, 1634]
[166.676, 1647]
[167.061, 1647]
[167.445, 1645]
[167.83, 1644]
[168.215, 1649]
[168.6, 1647]
[168.984, 1648]
[169.369, 1640]
[169.754, 1643]
[170.139, 1644]
[170.524, 1640]
[170.908, 1642]
[171.293, 1651]
[171.678, 1650]
[172.063, 1653]
[172.448, 1647]
[172.833, 1649]
[173.218, 1641]
[173.602, 1642]
[173.987, 1641]
[174.372, 1643]
[174.757, 1639]
[175.142, 1647]
[175.527, 1648]
[175.912, 1645]
[176.297, 1649]
[176.682, 1653]
[177.067, 1644]
[177.452, 1642]
[177.837, 1644]
[178.222, 1637]
[178.607, 1641]
[178.992, 1642]
[179.377, 1643]
[179.763, 1646]
[180.148, 1647]
[180.533, 1649]
[180.918, 1639]
[181.303, 1643]
[181.688, 1641]
[182.073, 1647]
[182.459, 1648]
[182.844, 1642]
[183.229, 1644]
[183.614, 1652]
[183.999, 1651]
[184.385, 1649]
[184.77, 1651]
[185.155, 1644]
[185.54, 1643]
[185.926, 1641]
[186.311, 1642]
[186.696, 1650]
[187.082, 1652]
[187.467, 1643]
[187.852, 1650]
[188.238, 1655]
[188.623, 1641]
[189.009, 1650]
[189.394, 1645]
[189.779, 1643]
[190.165, 1644]
[190.55, 1645]
[190.936, 1646]
[191.321, 1650]
[191.707, 1645]
[192.092, 1641]
[192.478, 1644]
[192.863, 1648]
[193.249, 1646]
[193.634, 1641]
[194.02, 1647]
[194.405, 1648]
[194.791, 1652]
[195.176, 1655]
[195.562, 1645]
[195.947, 1649]
[196.333, 1643]
[196.719, 1643]
[197.104, 1648]
[197.49, 1653]
[197.876, 1647]
[198.261, 1648]
[198.647, 1649]
[199.033, 1651]
[199.418, 1642]
[199.804, 1648]
[200.19, 1646]
[200.576, 1642]
[200.961, 1648]
[201.347, 1649]
[201.733, 1648]
[202.119, 1655]
[202.505, 1643]
[202.89, 1650]
[203.276, 1642]
[203.662, 1645]
[204.048, 1647]
[204.434, 1651]
[204.82, 1648]
[205.205, 1653]
[205.591, 1648]
[205.977, 1649]
[206.363, 1651]
[206.749, 1644]
[207.135, 1644]
[207.521, 1648]
[207.907, 1650]
[208.293, 1649]
[208.679, 1653]
[209.065, 1650]
[209.451, 1654]
[209.837, 1642]
[210.223, 1648]
[210.609, 1648]
[210.995, 1647]
[211.381, 1654]
[211.767, 1651]
[212.153, 1649]
[212.54, 1649]
[212.926, 1645]
[213.312, 1645]
[213.698, 1650]
[214.084, 1651]
[214.47, 1653]
[214.857, 1653]
[215.243, 1655]
[215.629, 1649]
[216.015, 1645]
[216.401, 1645]
[216.788, 1655]
[217.174, 1655]
[217.56, 1647]
[217.946, 1645]
[218.333, 1649]
[218.719, 1649]
[219.105, 1651]
[219.492, 1645]
[219.878, 1654]
[220.264, 1645]
[220.651, 1648]
[221.037, 1647]
[221.424, 1648]
[221.81, 1646]
[222.196, 1652]
[222.583, 1644]
[222.969, 1653]
[223.356, 1651]
[223.742, 1650]
[224.129, 1659]
[224.515, 1659]
[224.902, 1656]
[225.288, 1649]
[225.675, 1653]
[226.061, 1648]
[226.448, 1655]
[226.834, 1651]
[227.221, 1645]
[227.607, 1647]
[227.994, 1648]
[228.381, 1644]
[228.767, 1641]
[229.154, 1648]
[229.541, 1647]
[229.927, 1649]
[230.314, 1655]
[230.701, 1648]
[231.087, 1648]
[231.474, 1653]
[231.861, 1641]
[232.247, 1649]
[232.634, 1648]
[233.021, 1645]
[233.408, 1642]
[233.794, 1648]
[234.181, 1653]
[234.568, 1657]
[234.955, 1656]
[235.342, 1649]
[235.729, 1645]
[236.115, 1651]
[236.502, 1650]
[236.889, 1648]
[237.276, 1647]
[237.663, 1648]
[238.05, 1649]
[238.437, 1648]
[238.824, 1647]
[239.211, 1647]
[239.598, 1652]
[239.985, 1653]
[240.372, 1650]
[240.759, 1651]
[241.146, 1651]
[241.533, 1647]
[241.92, 1645]
[242.307, 1640]
[242.694, 1655]
[243.081, 1648]
[243.468, 1656]
[243.855, 1656]
[244.242, 1657]
[244.629, 1649]
[245.016, 1654]
[245.403, 1653]
[245.791, 1647]
[246.178, 1655]
[246.565, 1644]
[246.952, 1649]
[247.339, 1647]
[247.727, 1648]
[248.114, 1651]
[248.501, 1653]
[248.888, 1659]
[249.276, 1651]
[249.663, 1643]
[250.05, 1641]
[250.437, 1642]
[250.825, 1641]
[251.212, 1651]
[251.599, 1650]
[251.987, 1652]
[252.374, 1649]
[252.761, 1659]
[253.149, 1647]
[253.536, 1643]
[253.924, 1654]
[254.311, 1649]
[254.698, 1648]
[255.086, 1650]
[255.473, 1649]
[255.861, 1655]
[256.248, 1649]
[256.636, 1651]
[257.023, 1657]
[257.411, 1654]
[257.798, 1649]
[258.186, 1648]
[258.573, 1648]
[258.961, 1652]
[259.349, 1645]
[259.736, 1651]
[260.124, 1651]
[260.511, 1653]
[260.899, 1656]
[261.287, 1657]
[261.674, 1653]
[262.062, 1651]
[262.45, 1643]
[262.837, 1643]
[263.225, 1650]
[263.613, 1652]
[264.001, 1653]
[264.388, 1653]
[264.776, 1649]
[265.164, 1655]
[265.552, 1653]
[265.939, 1652]
[266.327, 1646]
[266.715, 1651]
[267.103, 1644]
[267.491, 1642]
[267.878, 1643]
[268.266, 1652]
[268.654, 1653]
[269.042, 1656]
[269.43, 1655]
[269.818, 1649]
[270.206, 1644]
[270.594, 1659]
[270.982, 1645]
[271.37, 1646]
[271.758, 1639]
[272.146, 1647]
[272.534, 1648]
[272.922, 1649]
[273.31, 1663]
[273.698, 1662]
[274.086, 1656]
[274.474, 1651]
[274.862, 1651]
[275.25, 1652]
[275.638, 1647]
[276.026, 1649]
[276.414, 1643]
[276.802, 1639]
[277.19, 1643]
[277.579, 1650]
[277.967, 1649]
[278.355, 1647]
[278.743, 1652]
[279.131, 1659]
[279.519, 1649]
[279.908, 1651]
[280.296, 1645]
[280.684, 1653]
[281.072, 1652]
[281.461, 1645]
[281.849, 1638]
[282.237, 1646]
[282.626, 1648]
[283.014, 1644]
[283.402, 1636]
[283.791, 1651]
[284.179, 1649]
[284.567, 1663]
[284.956, 1653]
[285.344, 1649]
[285.733, 1654]
[286.121, 1643]
[286.509, 1643]
[286.898, 1646]
[287.286, 1646]
[287.675, 1648]
[288.063, 1649]
[288.452, 1659]
[288.84, 1657]
[289.229, 1653]
[289.617, 1651]
[290.006, 1658]
[290.394, 1654]
[290.783, 1649]
[291.172, 1650]
[291.56, 1646]
[291.949, 1645]
[292.337, 1650]
[292.726, 1650]
[293.115, 1650]
[293.503, 1648]
[293.892, 1654]
[294.281, 1652]
[294.669, 1651]
[295.058, 1663]
[295.447, 1653]
[295.835, 1645]
[296.224, 1645]
[296.613, 1653]
[297.002, 1641]
[297.391, 1652]
[297.779, 1644]
[298.168, 1646]
[298.557, 1649]
[298.946, 1652]
[299.335, 1649]
[299.723, 1653]
[300.112, 1649]
[300.501, 1657]
[300.89, 1655]
[301.279, 1648]
[301.668, 1653]
[302.057, 1655]
[302.446, 1643]
[302.835, 1651]
[303.224, 1654]
[303.613, 1652]
[304.002, 1644]
[304.391, 1660]
[304.78, 1658]
[305.169, 1649]
[305.558, 1657]
[305.947, 1661]
[306.336, 1651]
[306.725, 1650]
[307.114, 1653]
[307.503, 1645]
[307.892, 1648]
[308.281, 1648]
[308.67, 1648]
[309.06, 1650]
[309.449, 1652]
[309.838, 1660]
[310.227, 1650]
[310.616, 1655]
[311.005, 1649]
[311.395, 1661]
[311.784, 1654]
[312.173, 1653]
[312.562, 1653]
[312.952, 1650]
[313.341, 1642]
[313.73, 1645]
[314.12, 1651]
[314.509, 1647]
[314.898, 1652]
[315.288, 1657]
[315.677, 1655]
[316.066, 1656]
[316.456, 1651]
[316.845, 1646]
[317.234, 1645]
[317.624, 1652]
[318.013, 1647]
[318.403, 1644]
[318.792, 1655]
[319.182, 1650]
[319.571, 1649]
[319.961, 1648]
[320.35, 1646]
[320.74, 1657]
[321.129, 1652]
[321.519, 1655]
[321.908, 1656]
[322.298, 1655]
[322.687, 1650]
[323.077, 1649]
[323.467, 1648]
[323.856, 1653]
[324.246, 1653]
[324.635, 1650]
[325.025, 1648]
[325.415, 1656]
[325.804, 1647]
[326.194, 1650]
[326.584, 1659]
[326.974, 1659]
[327.363, 1656]
[327.753, 1653]
[328.143, 1658]
[328.533, 1653]
[328.922, 1655]
[329.312, 1648]
[329.702, 1649]
[330.092, 1648]
[330.482, 1646]
[330.871, 1644]
[331.261, 1647]
[331.651, 1654]
[332.041, 1658]
[332.431, 1657]
[332.821, 1652]
[333.211, 1654]
[333.601, 1653]
[333.99, 1654]
[334.38, 1655]
[334.77, 1643]
[335.16, 1653]
[335.55, 1645]
[335.94, 1642]
[336.33, 1655]
[336.72, 1653]
[337.11, 1652]
[337.5, 1660]
[337.891, 1660]
[338.281, 1657]
[338.671, 1649]
[339.061, 1645]
[339.451, 1645]
[339.841, 1655]
[340.231, 1652]
[340.621, 1647]
[341.012, 1654]
[341.402, 1644]
[341.792, 1654]
[342.182, 1653]
[342.572, 1651]
[342.962, 1660]
[343.353, 1655]
[343.743, 1662]
[344.133, 1661]
[344.523, 1653]
[344.914, 1654]
[345.304, 1648]
[345.694, 1648]
[346.085, 1649]
[346.475, 1648]
[346.865, 1653]
[347.256, 1656]
[347.646, 1646]
[348.036, 1644]
[348.427, 1656]
[348.817, 1643]
[349.208, 1656]
[349.598, 1649]
[349.989, 1648]
[350.379, 1655]
[350.77, 1654]
[351.16, 1657]
[351.551, 1651]
[351.941, 1651]
[352.332, 1655]
[352.722, 1643]
[353.113, 1650]
[353.503, 1651]
[353.894, 1653]
[354.284, 1659]
[354.675, 1655]
[355.066, 1659]
[355.456, 1652]
[355.847, 1659]
[356.237, 1651]
[356.628, 1651]
[357.019, 1645]
[357.409, 1649]
[357.8, 1651]
[358.191, 1648]
[358.582, 1649]
[358.972, 1643]
[359.363, 1645]
[359.754, 1657]
[360.145, 1654]
[360.535, 1652]
[360.926, 1653]
[361.317, 1657]
[361.708, 1650]
[362.099, 1651]
[362.489, 1654]
[362.88, 1648]
[363.271, 1652]
[363.662, 1650]
[364.053, 1648]
[364.444, 1650]
[364.835, 1652]
[365.226, 1644]
[365.617, 1647]
[366.008, 1661]
[366.399, 1659]
[366.79, 1654]
[367.181, 1656]
[367.572, 1650]
[367.963, 1655]
[368.354, 1656]
[368.745, 1655]
[369.136, 1656]
[369.527, 1646]
[369.918, 1648]
[370.309, 1652]
[370.7, 1654]
[371.091, 1663]
[371.482, 1651]
[371.873, 1655]
[372.265, 1656]
[372.656, 1656]
[373.047, 1653]
[373.438, 1648]
[373.829, 1654]
[374.221, 1649]
[374.612, 1651]
[375.003, 1647]
[375.394, 1650]
[375.786, 1645]
[376.177, 1648]
[376.568, 1648]
[376.959, 1652]
[377.351, 1655]
[377.742, 1653]
[378.133, 1653]
[378.525, 1657]
[378.916, 1648]
[379.308, 1653]
[379.699, 1648]
[380.09, 1646]
[380.482, 1653]
[380.873, 1654]
[381.265, 1653]
[381.656, 1657]
[382.048, 1653]
[382.439, 1661]
[382.831, 1649]
[383.222, 1651]
[383.614, 1657]
[384.005, 1647]
[384.397, 1655]
[384.788, 1654]
[385.18, 1656]
[385.571, 1646]
[385.963, 1653]
[386.355, 1655]
[386.746, 1651]
[387.138, 1659]
[387.53, 1649]
[387.921, 1655]
[388.313, 1661]
[388.705, 1653]
[389.096, 1653]
[389.488, 1645]
[389.88, 1644]
[390.271, 1657]
[390.663, 1650]
[391.055, 1654]
[391.447, 1656]
[391.839, 1661]
[392.23, 1653]
[392.622, 1652]
[393.014, 1658]
[393.406, 1656]
[393.798, 1652]
[394.189, 1656]
[394.581, 1652]
[394.973, 1644]
[395.365, 1644]
[395.757, 1656]
[396.149, 1650]
[396.541, 1654]
[396.933, 1651]
[397.325, 1652]
[397.717, 1655]
[398.109, 1656]
[398.501, 1654]
[398.893, 1657]
[399.285, 1657]
[399.677, 1653]
[400.069, 1645]
[400.461, 1648]
[400.853, 1651]
[401.245, 1644]
[401.637, 1649]
[402.029, 1659]
[402.421, 1657]
[402.814, 1655]
[403.206, 1661]
[403.598, 1653]
[403.99, 1656]
[404.382, 1649]
[404.774, 1645]
[405.167, 1646]
[405.559, 1654]
[405.951, 1650]
[406.343, 1656]
[406.736, 1645]
[407.128, 1654]
[407.52, 1657]
[407.913, 1655]
[408.305, 1655]
[408.697, 1650]
[409.09, 1652]
[409.482, 1654]
[409.874, 1654]
[410.267, 1651]
[410.659, 1654]
[411.051, 1653]
[411.444, 1655]
[411.836, 1654]
[412.229, 1661]
[412.621, 1655]
[413.014, 1664]
[413.406, 1652]
[413.799, 1652]
[414.191, 1648]
[414.584, 1652]
[414.976, 1659]
[415.369, 1656]
[415.761, 1653]
[416.154, 1654]
[416.546, 1650]
[416.939, 1655]
[417.332, 1650]
[417.724, 1648]
[418.117, 1653]
[418.509, 1653]
[418.902, 1654]
[419.295, 1655]
[419.687, 1655]
[420.08, 1655]
[420.473, 1652]
[420.866, 1651]
[421.258, 1655]
[421.651, 1660]
[422.044, 1646]
[422.437, 1655]
[422.829, 1659]
[423.222, 1655]
[423.615, 1663]
[424.008, 1662]
[424.401, 1656]
[424.793, 1643]
[425.186, 1647]
[425.579, 1648]
[425.972, 1661]
[426.365, 1664]
[426.758, 1656]
[427.151, 1652]
[427.544, 1651]
[427.937, 1651]
[428.33, 1658]
[428.723, 1652]
[429.116, 1651]
[429.509, 1659]
[429.902, 1654]
[430.295, 1646]
[430.688, 1662]
[431.081, 1659]
[431.474, 1653]
[431.867, 1653]
[432.26, 1649]
[432.653, 1653]
[433.046, 1651]
[433.439, 1654]
[433.832, 1659]
[434.226, 1662]
[434.619, 1650]
[435.012, 1654]
[435.405, 1655]
[435.798, 1653]
[436.191, 1644]
[436.585, 1650]
[436.978, 1659]
[437.371, 1649]
[437.765, 1655]
[438.158, 1657]
[438.551, 1655]
[438.944, 1660]
[439.338, 1653]
[439.731, 1652]
[440.124, 1653]
[440.518, 1646]
[440.911, 1657]
[441.305, 1657]
[441.698, 1655]
[442.091, 1651]
[442.485, 1647]
[442.878, 1650]
[443.272, 1649]
[443.665, 1646]
[444.059, 1651]
[444.452, 1656]
[444.845, 1653]
[445.239, 1655]
[445.633, 1653]
[446.026, 1657]
[446.42, 1645]
[446.813, 1653]
[447.207, 1650]
[447.6, 1646]
[447.994, 1660]
[448.388, 1662]
[448.781, 1652]
[449.175, 1653]
[449.568, 1647]
[449.962, 1646]
[450.356, 1655]
[450.749, 1655]
[451.143, 1647]
[451.537, 1654]
[451.931, 1659]
[452.324, 1659]
[452.718, 1655]
[453.112, 1663]
[453.506, 1655]
[453.899, 1659]
[454.293, 1657]
[454.687, 1658]
[455.081, 1661]
[455.475, 1655]
[455.868, 1649]
[456.262, 1652]
[456.656, 1653]
[457.05, 1653]
[457.444, 1651]
[457.838, 1650]
[458.232, 1649]
[458.626, 1653]
[459.02, 1649]
[459.414, 1649]
[459.808, 1648]
[460.202, 1654]
[460.596, 1650]
[460.99, 1655]
[461.384, 1654]
[461.778, 1655]
[462.172, 1661]
[462.566, 1657]
[462.96, 1659]
[463.354, 1654]
[463.748, 1655]
[464.142, 1653]
[464.536, 1654]
[464.931, 1654]
[465.325, 1653]
[465.719, 1647]
[466.113, 1649]
[466.507, 1651]
[466.902, 1657]
[467.296, 1655]
[467.69, 1652]
[468.084, 1663]
[468.478, 1655]
[468.873, 1658]
[469.267, 1653]
[469.661, 1651]
[470.056, 1651]
[470.45, 1646]
[470.844, 1644]
[471.239, 1656]
[471.633, 1659]
[472.027, 1657]
[472.422, 1658]
[472.816, 1661]
[473.211, 1649]
[473.605, 1651]
[474, 1650]
[474.394, 1648]
[474.788, 1648]
[475.183, 1662]
[475.577, 1653]
[475.972, 1661]
[476.366, 1653]
[476.761, 1649]
[477.155, 1659]
[477.55, 1659]
[477.945, 1649]
[478.339, 1650]
[478.734, 1648]
[479.128, 1651]
[479.523, 1659]
[479.918, 1670]
[480.312, 1649]
[480.707, 1656]
[481.102, 1653]
[481.496, 1652]
[481.891, 1642]
[482.286, 1643]
[482.68, 1648]
[483.075, 1655]
[483.47, 1659]
[483.865, 1654]
[484.259, 1648]
[484.654, 1653]
[485.049, 1651]
[485.444, 1651]
[485.839, 1648]
[486.234, 1650]
[486.628, 1656]
[487.023, 1664]
[487.418, 1659]
[487.813, 1659]
[488.208, 1655]
[488.603, 1651]
[488.998, 1648]
[489.393, 1658]
[489.788, 1652]
[490.183, 1654]
[490.578, 1651]
[490.973, 1650]
[491.368, 1657]
[491.763, 1658]
[492.158, 1657]
[492.553, 1658]
[492.948, 1653]
[493.343, 1649]
[493.738, 1653]
[494.133, 1651]
[494.528, 1651]
[494.923, 1654]
[495.318, 1648]
[495.714, 1659]
[496.109, 1659]
[496.504, 1650]
[496.899, 1648]
[497.294, 1648]
[497.689, 1650]
[498.085, 1646]
[498.48, 1653]
[498.875, 1651]
[499.27, 1655]
[499.666, 1663]
[500.061, 1657]
[500.456, 1661]
[500.852, 1661]
[501.247, 1647]
[501.642, 1649]
[502.038, 1646]
[502.433, 1642]
[502.828, 1650]
[503.224, 1653]
[503.619, 1650]
[504.015, 1657]
[504.41, 1657]
[504.806, 1653]
[505.201, 1659]
[505.596, 1655]
[505.992, 1650]
[506.387, 1648]
[506.783, 1656]
[507.178, 1652]
[507.574, 1653]
[507.97, 1664]
[508.365, 1655]
[508.761, 1660]
[509.156, 1654]
[509.552, 1653]
[509.947, 1651]
[510.343, 1654]
[510.739, 1642]
[511.134, 1658]
[511.53, 1652]
[511.926, 1657]
[512.321, 1660]
[512.717, 1655]
[513.113, 1659]
[513.509, 1658]
[513.904, 1663]
[514.3, 1646]
[514.696, 1656]
[515.092, 1651]
[515.487, 1656]
[515.883, 1655]
[516.279, 1659]
[516.675, 1664]
[517.071, 1657]
[517.467, 1656]
[517.862, 1654]
[518.258, 1657]
[518.654, 1659]
[519.05, 1649]
[519.446, 1655]
[519.842, 1643]
[520.238, 1650]
[520.634, 1660]
[521.03, 1657]
[521.426, 1653]
[521.822, 1663]
[522.218, 1651]
[522.614, 1655]
[523.01, 1655]
[523.406, 1651]
[523.802, 1658]
[524.198, 1659]
[524.594, 1647]
[524.99, 1658]
[525.387, 1652]
[525.783, 1655]
[526.179, 1657]
[526.575, 1657]
[526.971, 1652]
[527.367, 1654]
[527.764, 1655]
[528.16, 1649]
[528.556, 1646]
[528.952, 1650]
[529.348, 1650]
[529.745, 1656]
[530.141, 1661]
[530.537, 1657]
[530.934, 1661]
[531.33, 1660]
[531.726, 1649]
[532.123, 1655]
[532.519, 1655]
[532.915, 1658]
[533.312, 1656]
[533.708, 1653]
[534.104, 1650]
[534.501, 1649]
[534.897, 1647]
[535.294, 1653]
[535.69, 1659]
[536.087, 1656]
[536.483, 1652]
[536.88, 1657]
[537.276, 1649]
[537.673, 1650]
[538.069, 1652]
[538.466, 1655]
[538.862, 1656]
[539.259, 1656]
[539.655, 1662]
[540.052, 1652]
[540.449, 1659]
[540.845, 1657]
[541.242, 1653]
[541.639, 1649]
[542.035, 1648]
[542.432, 1642]
[542.829, 1645]
[543.225, 1649]
[543.622, 1654]
[544.019, 1660]
[544.416, 1653]
[544.812, 1649]
[545.209, 1659]
[545.606, 1661]
[546.003, 1654]
[546.4, 1654]
[546.796, 1662]
[547.193, 1652]
[547.59, 1645]
[547.987, 1649]
[548.384, 1651]
[548.781, 1653]
[549.178, 1656]
[549.574, 1654]
[549.971, 1655]
[550.368, 1653]
[550.765, 1651]
[551.162, 1659]
[551.559, 1651]
[551.956, 1656]
[552.353, 1659]
[552.75, 1652]
[553.147, 1658]
[553.544, 1645]
[553.941, 1651]
[554.338, 1657]
[554.735, 1659]
[555.133, 1661]
[555.53, 1657]
[555.927, 1650]
[556.324, 1652]
[556.721, 1648]
[557.118, 1651]
[557.515, 1643]
[557.913, 1649]
[558.31, 1648]
[558.707, 1648]
[559.104, 1656]
[559.502, 1661]
[559.899, 1659]
[560.296, 1661]
[560.693, 1657]
[561.091, 1653]
[561.488, 1659]
[561.885, 1650]
[562.283, 1651]
[562.68, 1653]
[563.077, 1650]
[563.475, 1652]
[563.872, 1657]
[564.269, 1648]
[564.667, 1652]
[565.064, 1654]
[565.462, 1650]
[565.859, 1655]
[566.257, 1667]
[566.654, 1655]
[567.052, 1655]
[567.449, 1651]
[567.847, 1655]
[568.244, 1643]
[568.642, 1654]
[569.039, 1650]
[569.437, 1650]
[569.834, 1656]
[570.232, 1656]
[570.63, 1656]
[571.027, 1655]
[571.425, 1658]
[571.823, 1657]
[572.22, 1657]
[572.618, 1657]
[573.016, 1647]
[573.413, 1648]
[573.811, 1648]
[574.209, 1648]
[574.606, 1663]
[575.004, 1655]
[575.402, 1659]
[575.8, 1664]
[576.198, 1661]
[576.595, 1657]
[576.993, 1655]
[577.391, 1658]
[577.789, 1651]
[578.187, 1657]
[578.585, 1649]
[578.982, 1652]
[579.38, 1653]
[579.778, 1650]
[580.176, 1654]
[580.574, 1654]
[580.972, 1657]
[581.37, 1661]
[581.768, 1662]
[582.166, 1657]
[582.564, 1666]
[582.962, 1649]
[583.36, 1655]
[583.758, 1651]
[584.156, 1650]
[584.554, 1652]
[584.952, 1650]
[585.35, 1654]
[585.748, 1657]
[586.147, 1659]
[586.545, 1658]
[586.943, 1657]
[587.341, 1661]
[587.739, 1662]
[588.137, 1649]
[588.536, 1657]
[588.934, 1659]
[589.332, 1649]
[589.73, 1656]
[590.129, 1649]
[590.527, 1644]
[590.925, 1656]
[591.323, 1656]
[591.722, 1654]
[592.12, 1649]
[592.518, 1659]
[592.917, 1661]
[593.315, 1657]
[593.713, 1655]
[594.112, 1653]
[594.51, 1650]
[594.909, 1652]
[595.307, 1651]
[595.706, 1654]
[596.104, 1654]
[596.502, 1645]
[596.901, 1661]
[597.299, 1659]
[597.698, 1655]
[598.096, 1653]
[598.495, 1657]
[598.893, 1653]
[599.292, 1661]
[599.691, 1651]
[600.089, 1652]
[600.488, 1650]
[600.886, 1649]
[601.285, 1650]
[601.684, 1658]
[602.082, 1656]
[602.481, 1659]
[602.88, 1656]
[603.278, 1660]
[603.677, 1661]
[604.076, 1664]
[604.474, 1653]
[604.873, 1652]
[605.272, 1649]
[605.671, 1654]
[606.07, 1650]
[606.468, 1653]
[606.867, 1656]
[607.266, 1658]
[607.665, 1664]
[608.064, 1662]
[608.463, 1663]
[608.861, 1660]
[609.26, 1654]
[609.659, 1662]
[610.058, 1653]
[610.457, 1655]
[610.856, 1655]
[611.255, 1652]
[611.654, 1646]
[612.053, 1657]
[612.452, 1661]
[612.851, 1652]
[613.25, 1660]
[613.649, 1657]
[614.048, 1659]
[614.447, 1655]
[614.846, 1650]
[615.245, 1659]
[615.644, 1655]
[616.043, 1653]
[616.443, 1646]
[616.842, 1660]
[617.241, 1648]
[617.64, 1654]
[618.039, 1665]
[618.438, 1665]
[618.838, 1661]
[619.237, 1657]
[619.636, 1652]
[620.035, 1653]
[620.435, 1664]
[620.834, 1653]
[621.233, 1650]
[621.632, 1651]
[622.032, 1652]
[622.431, 1654]
[622.83, 1656]
[623.23, 1651]
[623.629, 1662]
[624.028, 1661]
[624.428, 1659]
[624.827, 1657]
[625.227, 1665]
[625.626, 1660]
[626.026, 1658]
[626.425, 1661]
[626.824, 1653]
[627.224, 1648]
[627.623, 1652]
[628.023, 1657]
[628.422, 1659]
[628.822, 1653]
[629.221, 1659]
[629.621, 1659]
[630.021, 1659]
[630.42, 1655]
[630.82, 1657]
[631.22, 1655]
[631.619, 1655]
[632.019, 1654]
[632.419, 1647]
[632.818, 1647]
[633.218, 1647]
[633.618, 1650]
[634.017, 1650]
[634.417, 1658]
[634.817, 1659]
[635.216, 1658]
[635.616, 1657]
[636.016, 1654]
[636.416, 1650]
[636.816, 1657]
[637.215, 1650]
[637.615, 1650]
[638.015, 1660]
[638.415, 1656]
[638.815, 1660]
[639.215, 1662]
[639.615, 1665]
[640.015, 1657]
[640.414, 1659]
[640.814, 1652]
[641.214, 1653]
[641.614, 1653]
[642.014, 1646]
[642.414, 1654]
[642.814, 1664]
[643.214, 1655]
[643.614, 1653]
[644.014, 1655]
[644.414, 1659]
[644.815, 1659]
[645.215, 1666]
[645.615, 1663]
[646.015, 1653]
[646.415, 1653]
[646.815, 1656]
[647.215, 1648]
[647.615, 1651]
[648.016, 1653]
[648.416, 1655]
[648.816, 1654]
[649.216, 1654]
[649.616, 1652]
[650.017, 1662]
[650.417, 1652]
[650.817, 1656]
[651.217, 1660]
[651.618, 1657]
[652.018, 1651]
[652.418, 1653]
[652.819, 1661]
[653.219, 1658]
[653.619, 1657]
[654.02, 1654]
[654.42, 1659]
[654.821, 1660]
[655.221, 1653]
[655.621, 1648]
[656.022, 1655]
[656.422, 1654]
[656.823, 1648]
[657.223, 1656]
[657.624, 1652]
[658.024, 1658]
[658.425, 1657]
[658.825, 1663]
[659.226, 1653]
[659.627, 1647]
[660.027, 1646]
[660.428, 1649]
[660.828, 1654]
[661.229, 1657]
[661.63, 1656]
[662.03, 1659]
[662.431, 1654]
[662.832, 1645]
[663.232, 1651]
[663.633, 1650]
[664.034, 1656]
[664.434, 1656]
[664.835, 1654]
[665.236, 1653]
[665.637, 1665]
[666.037, 1647]
[666.438, 1661]
[666.839, 1664]
[667.24, 1660]
[667.641, 1650]
[668.042, 1658]
[668.442, 1651]
[668.843, 1655]
[669.244, 1657]
[669.645, 1658]
[670.046, 1653]
[670.447, 1659]
[670.848, 1655]
[671.249, 1647]
[671.65, 1650]
[672.051, 1657]
[672.452, 1658]
[672.853, 1661]
[673.254, 1658]
[673.655, 1662]
[674.056, 1655]
[674.457, 1654]
[674.858, 1659]
[675.259, 1648]
[675.66, 1649]
[676.061, 1653]
[676.463, 1662]
[676.864, 1669]
[677.265, 1665]
[677.666, 1664]
[678.067, 1658]
[678.468, 1658]
[678.87, 1653]
[679.271, 1650]
[679.672, 1657]
[680.073, 1655]
[680.475, 1661]
[680.876, 1658]
[681.277, 1654]
[681.678, 1649]
[682.08, 1655]
[682.481, 1654]
[682.882, 1651]
[683.284, 1657]
[683.685, 1664]
[684.087, 1657]
[684.488, 1665]
[684.889, 1655]
[685.291, 1654]
[685.692, 1655]
[686.094, 1648]
[686.495, 1648]
[686.897, 1655]
[687.298, 1659]
[687.7, 1657]
[688.101, 1652]
[688.503, 1651]
[688.904, 1659]
[689.306, 1653]
[689.707, 1652]
[690.109, 1659]
[690.511, 1654]
[690.912, 1659]
[691.314, 1656]
[691.716, 1657]
[692.117, 1653]
[692.519, 1651]
[692.92, 1647]
[693.322, 1648]
[693.724, 1655]
[694.126, 1655]
[694.527, 1656]
[694.929, 1653]
[695.331, 1657]
[695.733, 1653]
[696.134, 1656]
[696.536, 1652]
[696.938, 1653]
[697.34, 1659]
[697.742, 1661]
[698.144, 1654]
[698.545, 1658]
[698.947, 1660]
[699.349, 1656]
[699.751, 1653]
[700.153, 1654]
[700.555, 1649]
[700.957, 1654]
[701.359, 1656]
[701.761, 1645]
[702.163, 1655]
[702.565, 1658]
[702.967, 1654]
[703.369, 1662]
[703.771, 1658]
[704.173, 1659]
[704.575, 1661]
[704.977, 1648]
[705.379, 1650]
[705.781, 1656]
[706.184, 1659]
[706.586, 1651]
[706.988, 1653]
[707.39, 1657]
[707.792, 1653]
[708.194, 1651]
[708.597, 1648]
[708.999, 1654]
[709.401, 1664]
[709.803, 1661]
[710.206, 1655]
[710.608, 1658]
[711.01, 1655]
[711.413, 1659]
[711.815, 1654]
[712.217, 1649]
[712.62, 1648]
[713.022, 1654]
[713.424, 1648]
[713.827, 1660]
[714.229, 1660]
[714.631, 1669]
[715.034, 1667]
[715.436, 1667]
[715.839, 1656]
[716.241, 1661]
[716.644, 1654]
[717.046, 1647]
[717.449, 1657]
[717.851, 1652]
[718.254, 1651]
[718.656, 1648]
[719.059, 1657]
[719.462, 1655]
[719.864, 1662]
[720.267, 1663]
[720.669, 1664]
[721.072, 1658]
[721.475, 1655]
[721.877, 1648]
[722.28, 1652]
[722.683, 1661]
[723.085, 1659]
[723.488, 1657]
[723.891, 1657]
[724.294, 1657]
[724.696, 1653]
[725.099, 1646]
[725.502, 1650]
[725.905, 1650]
[726.307, 1656]
[726.71, 1653]
[727.113, 1664]
[727.516, 1658]
[727.919, 1654]
[728.322, 1653]
[728.725, 1651]
[729.127, 1651]
[729.53, 1654]
[729.933, 1650]
[730.336, 1651]
[730.739, 1665]
[731.142, 1658]
[731.545, 1660]
[731.948, 1657]
[732.351, 1653]
[732.754, 1654]
[733.157, 1650]
[733.56, 1653]
[733.963, 1654]
[734.366, 1655]
[734.77, 1659]
[735.173, 1658]
[735.576, 1659]
[735.979, 1651]
[736.382, 1651]
[736.785, 1654]
[737.188, 1657]
[737.592, 1659]
[737.995, 1656]
[738.398, 1656]
[738.801, 1659]
[739.204, 1653]
[739.608, 1660]
[740.011, 1655]
[740.414, 1658]
[740.818, 1657]
[741.221, 1662]
[741.624, 1652]
[742.028, 1654]
[742.431, 1657]
[742.834, 1659]
[743.238, 1663]
[743.641, 1655]
[744.044, 1653]
[744.448, 1652]
[744.851, 1651]
[745.255, 1652]
[745.658, 1653]
[746.062, 1655]
[746.465, 1652]
[746.869, 1655]
[747.272, 1663]
[747.676, 1667]
[748.079, 1663]
[748.483, 1657]
[748.886, 1659]
[749.29, 1646]
[749.694, 1652]
[750.097, 1661]
[750.501, 1657]
[750.904, 1665]
[751.308, 1664]
[751.712, 1667]
[752.116, 1661]
[752.519, 1662]
[752.923, 1653]
[753.327, 1656]
[753.73, 1651]
[754.134, 1650]
[754.538, 1664]
[754.942, 1650]
[755.345, 1654]
[755.749, 1656]
[756.153, 1667]
[756.557, 1667]
[756.961, 1659]
[757.365, 1665]
[757.768, 1657]
[758.172, 1657]
[758.576, 1656]
[758.98, 1651]
[759.384, 1659]
[759.788, 1656]
[760.192, 1654]
[760.596, 1667]
[761, 1666]
[761.404, 1664]
[761.808, 1661]
[762.212, 1668]
[762.616, 1661]
[763.02, 1659]
[763.424, 1652]
[763.828, 1651]
[764.232, 1654]
[764.636, 1654]
[765.041, 1661]
[765.445, 1659]
[765.849, 1657]
[766.253, 1663]
[766.657, 1663]
[767.061, 1662]
[767.466, 1665]
[767.87, 1655]
[768.274, 1657]
[768.678, 1652]
[769.083, 1656]
[769.487, 1660]
[769.891, 1652]
[770.295, 1669]
[770.7, 1659]
[771.104, 1665]
[771.508, 1663]
[771.913, 1655]
[772.317, 1660]
[772.721, 1657]
[773.126, 1650]
[773.53, 1654]
[773.935, 1658]
[774.339, 1659]
[774.744, 1665]
[775.148, 1660]
[775.552, 1660]
[775.957, 1658]
[776.362, 1661]
[776.766, 1657]
[777.171, 1652]
[777.575, 1654]
[777.98, 1655]
[778.384, 1658]
[778.789, 1662]
[779.193, 1652]
[779.598, 1659]
[780.003, 1664]
[780.407, 1664]
[780.812, 1655]
[781.217, 1652]
[781.621, 1648]
[782.026, 1656]
[782.431, 1650]
[782.835, 1654]
[783.24, 1658]
[783.645, 1655]
[784.05, 1663]
[784.455, 1663]
[784.859, 1663]
[785.264, 1655]
[785.669, 1655]
[786.074, 1655]
[786.479, 1650]
[786.883, 1655]
[787.288, 1648]
[787.693, 1656]
[788.098, 1652]
[788.503, 1658]
[788.908, 1656]
[789.313, 1655]
[789.718, 1659]
[790.123, 1655]
[790.528, 1665]
[790.933, 1659]
[791.338, 1653]
[791.743, 1659]
[792.148, 1652]
[792.553, 1656]
[792.958, 1658]
[793.363, 1653]
[793.768, 1657]
[794.173, 1663]
[794.579, 1653]
[794.984, 1655]
[795.389, 1661]
[795.794, 1652]
[796.199, 1664]
[796.604, 1650]
[797.01, 1655]
[797.415, 1659]
[797.82, 1654]
[798.225, 1658]
[798.63, 1652]
[799.036, 1660]
[799.441, 1663]
[799.846, 1659]
[800.252, 1661]
[800.657, 1664]
[801.062, 1661]
[801.468, 1658]
[801.873, 1659]
[802.278, 1655]
[802.684, 1656]
[803.089, 1646]
[803.495, 1654]
[803.9, 1660]
[804.306, 1651]
[804.711, 1661]
[805.117, 1661]
[805.522, 1657]
[805.928, 1651]
[806.333, 1661]
[806.739, 1653]
[807.144, 1656]
[807.55, 1653]
[807.955, 1646]
[808.361, 1658]
[808.767, 1666]
[809.172, 1654]
[809.578, 1664]
[809.984, 1665]
[810.389, 1659]
[810.795, 1653]
[811.201, 1659]
[811.606, 1663]
[812.012, 1653]
[812.418, 1664]
[812.823, 1649]
[813.229, 1656]
[813.635, 1656]
[814.041, 1657]
[814.447, 1656]
[814.852, 1658]
[815.258, 1657]
[815.664, 1668]
[816.07, 1662]
[816.476, 1655]
[816.882, 1658]
[817.288, 1653]
[817.693, 1647]
[818.099, 1654]
[818.505, 1654]
[818.911, 1648]
[819.317, 1661]
[819.723, 1659]
[820.129, 1661]
[820.535, 1658]
[820.941, 1659]
[821.347, 1653]
[821.753, 1661]
[822.159, 1655]
[822.566, 1653]
[822.972, 1653]
[823.378, 1655]
[823.784, 1655]
[824.19, 1651]
[824.596, 1663]
[825.002, 1653]
[825.409, 1663]
[825.815, 1655]
[826.221, 1664]
[826.627, 1665]
[827.033, 1656]
[827.44, 1652]
[827.846, 1659]
[828.252, 1649]
[828.658, 1647]
[829.065, 1652]
[829.471, 1653]
[829.877, 1653]
[830.284, 1659]
[830.69, 1658]
[831.096, 1657]
[831.503, 1661]
[831.909, 1655]
[832.316, 1663]
[832.722, 1652]
[833.129, 1653]
[833.535, 1659]
[833.942, 1654]
[834.348, 1654]
[834.754, 1649]
[835.161, 1655]
[835.568, 1654]
[835.974, 1661]
[836.381, 1665]
[836.787, 1661]
[837.194, 1662]
[837.6, 1663]
[838.007, 1652]
[838.414, 1657]
[838.82, 1661]
[839.227, 1664]
[839.633, 1655]
[840.04, 1654]
[840.447, 1657]
[840.854, 1656]
[841.26, 1654]
[841.667, 1657]
[842.074, 1660]
[842.481, 1656]
[842.887, 1662]
[843.294, 1657]
[843.701, 1649]
[844.108, 1654]
[844.515, 1663]
[844.921, 1656]
[845.328, 1647]
[845.735, 1651]
[846.142, 1653]
[846.549, 1646]
[846.956, 1650]
[847.363, 1648]
[847.77, 1657]
[848.177, 1661]
[848.584, 1657]
[848.991, 1656]
[849.398, 1661]
[849.805, 1667]
[850.212, 1665]
[850.619, 1661]
[851.026, 1656]
[851.433, 1661]
[851.84, 1653]
[852.247, 1656]
[852.654, 1653]
[853.061, 1658]
[853.468, 1660]
[853.876, 1660]
[854.283, 1671]
[854.69, 1661]
[855.097, 1655]
[855.504, 1655]
[855.912, 1655]
[856.319, 1659]
[856.726, 1661]
[857.133, 1660]
[857.541, 1657]
[857.948, 1659]
[858.355, 1652]
[858.763, 1654]
[859.17, 1660]
[859.577, 1653]
[859.985, 1656]
[860.392, 1665]
[860.799, 1659]
[861.207, 1659]
[861.614, 1660]
[862.022, 1655]
[862.429, 1659]
[862.836, 1650]
[863.244, 1653]
[863.651, 1650]
[864.059, 1656]
[864.466, 1654]
[864.874, 1655]
[865.282, 1665]
[865.689, 1654]
[866.097, 1661]
[866.504, 1661]
[866.912, 1660]
[867.32, 1653]
[867.727, 1648]
[868.135, 1656]
[868.542, 1650]
[868.95, 1653]
[869.358, 1655]
[869.766, 1663]
[870.173, 1665]
[870.581, 1661]
[870.989, 1659]
[871.396, 1655]
[871.804, 1652]
[872.212, 1658]
[872.62, 1654]
[873.028, 1656]
[873.435, 1662]
[873.843, 1656]
[874.251, 1658]
[874.659, 1663]
[875.067, 1660]
[875.475, 1665]
[875.883, 1663]
[876.291, 1660]
[876.699, 1664]
[877.107, 1661]
[877.515, 1647]
[877.922, 1652]
[878.331, 1655]
[878.739, 1655]
[879.147, 1656]
[879.555, 1659]
[879.963, 1659]
[880.371, 1656]
[880.779, 1664]
[881.187, 1653]
[881.595, 1657]
[882.003, 1659]
[882.411, 1651]
[882.819, 1653]
[883.228, 1660]
[883.636, 1654]
[884.044, 1654]
[884.452, 1656]
[884.86, 1661]
[885.269, 1661]
[885.677, 1667]
[886.085, 1651]
[886.493, 1654]
[886.902, 1656]
[887.31, 1646]
[887.718, 1655]
[888.127, 1659]
[888.535, 1649]
[888.943, 1669]
[889.352, 1664]
[889.76, 1659]
[890.168, 1660]
[890.577, 1667]
[890.985, 1655]
[891.394, 1655]
[891.802, 1656]
[892.211, 1652]
[892.619, 1658]
[893.028, 1657]
[893.436, 1655]
[893.845, 1663]
[894.253, 1662]
[894.662, 1655]
[895.07, 1653]
[895.479, 1656]
[895.888, 1647]
[896.296, 1665]
[896.705, 1652]
[897.114, 1652]
[897.522, 1653]
[897.931, 1658]
[898.34, 1665]
[898.748, 1653]
[899.157, 1657]
[899.566, 1656]
[899.974, 1653]
[900.383, 1655]
[900.792, 1654]
[901.201, 1659]
[901.61, 1665]
[902.018, 1660]
[902.427, 1666]
[902.836, 1663]
[903.245, 1661]
[903.654, 1656]
[904.063, 1656]
[904.472, 1649]
[904.88, 1656]
[905.289, 1653]
[905.698, 1657]
[906.107, 1660]
[906.516, 1659]
[906.925, 1661]
[907.334, 1659]
[907.743, 1661]
[908.152, 1651]
[908.561, 1658]
[908.97, 1651]
[909.379, 1654]
[909.789, 1656]
[910.198, 1646]
[910.607, 1655]
[911.016, 1663]
[911.425, 1662]
[911.834, 1656]
[912.243, 1665]
[912.652, 1651]
[913.062, 1651]
[913.471, 1656]
[913.88, 1648]
[914.289, 1661]
[914.699, 1659]
[915.108, 1661]
[915.517, 1665]
[915.926, 1663]
[916.336, 1655]
[916.745, 1654]
[917.154, 1662]
[917.564, 1655]
[917.973, 1654]
[918.383, 1656]
[918.792, 1655]
[919.201, 1667]
[919.611, 1666]
[920.02, 1656]
[920.43, 1668]
[920.839, 1650]
[921.249, 1657]
[921.658, 1650]
[922.068, 1654]
[922.477, 1656]
[922.887, 1658]
[923.296, 1657]
[923.706, 1665]
[924.115, 1669]
[924.525, 1661]
[924.935, 1659]
[925.344, 1657]
[925.754, 1650]
[926.163, 1652]
[926.573, 1654]
[926.983, 1661]
[927.392, 1666]
[927.802, 1655]
[928.212, 1657]
[928.622, 1656]
[929.031, 1660]
[929.441, 1654]
[929.851, 1655]
[930.261, 1659]
[930.67, 1661]
[931.08, 1662]
[931.49, 1661]
[931.9, 1663]
[932.31, 1653]
[932.72, 1662]
[933.13, 1652]
[933.539, 1656]
[933.949, 1659]
[934.359, 1655]
[934.769, 1659]
[935.179, 1658]
[935.589, 1658]
[935.999, 1654]
[936.409, 1656]
[936.819, 1657]
[937.229, 1654]
[937.639, 1653]
[938.049, 1655]
[938.46, 1659]
[938.87, 1657]
[939.28, 1655]
[939.69, 1657]
[940.1, 1650]
[940.51, 1655]
[940.92, 1658]
[941.331, 1659]
[941.741, 1655]
[942.151, 1659]
[942.561, 1664]
[942.971, 1654]
[943.382, 1656]
[943.792, 1661]
[944.202, 1657]
[944.612, 1662]
[945.023, 1656]
[945.433, 1655]
[945.843, 1660]
[946.254, 1652]
[946.664, 1656]
[947.074, 1655]
[947.485, 1665]
[947.895, 1663]
[948.306, 1663]
[948.716, 1659]
[949.126, 1655]
[949.537, 1654]
[949.947, 1651]
[950.358, 1656]
[950.768, 1661]
[951.179, 1657]
[951.59, 1658]
[952, 1665]
[952.411, 1658]
[952.821, 1650]
[953.232, 1659]
[953.642, 1659]
[954.053, 1656]
[954.464, 1663]
[954.874, 1665]
[955.285, 1661]
[955.696, 1659]
[956.106, 1664]
[956.517, 1664]
[956.928, 1662]
[957.339, 1663]
[957.749, 1659]
[958.16, 1659]
