[163.983, 1675]
[164.368, 1677]
[164.753, 1677]
[165.137, 1671]
[165.522, 1668]
[165.907, 1669]
[166.291, 1660]
[166.676, 1674]
[167.061, 1674]
[167.445, 1664]
[167.83, 1670]
[168.215, 1670]
[168.6, 1671]
[168.984, 1681]
[169.369, 1679]
[169.754, 1675]
[170.139, 1676]
[170.524, 1675]
[170.908, 1673]
[171.293, 1668]
[171.678, 1673]
[172.063, 1673]
[172.448, 1667]
[172.833, 1668]
[173.218, 1668]
[173.602, 1668]
[173.987, 1673]
[174.372, 1668]
[174.757, 1680]
[175.142, 1674]
[175.527, 1671]
[175.912, 1680]
[176.297, 1677]
[176.682, 1667]
[177.067, 1675]
[177.452, 1674]
[177.837, 1669]
[178.222, 1664]
[178.607, 1666]
[178.992, 1666]
[179.377, 1677]
[179.763, 1677]
[180.148, 1677]
[180.533, 1677]
[180.918, 1672]
[181.303, 1671]
[181.688, 1674]
[182.073, 1671]
[182.459, 1668]
[182.844, 1669]
[183.229, 1668]
[183.614, 1672]
[183.999, 1672]
[184.385, 1674]
[184.77, 1674]
[185.155, 1679]
[185.54, 1679]
[185.926, 1675]
[186.311, 1671]
[186.696, 1673]
[187.082, 1663]
[187.467, 1673]
[187.852, 1675]
[188.238, 1668]
[188.623, 1665]
[189.009, 1673]
[189.394, 1673]
[189.779, 1672]
[190.165, 1668]
[190.55, 1676]
[190.936, 1681]
[191.321, 1681]
[191.707, 1675]
[192.092, 1668]
[192.478, 1669]
[192.863, 1674]
[193.249, 1669]
[193.634, 1670]
[194.02, 1674]
[194.405, 1672]
[194.791, 1677]
[195.176, 1671]
[195.562, 1677]
[195.947, 1685]
[196.333, 1685]
[196.719, 1669]
[197.104, 1671]
[197.49, 1679]
[197.876, 1667]
[198.261, 1671]
[198.647, 1673]
[199.033, 1679]
[199.418, 1673]
[199.804, 1667]
[200.19, 1675]
[200.576, 1680]
[200.961, 1672]
[201.347, 1669]
[201.733, 1667]
[202.119, 1673]
[202.505, 1674]
[202.89, 1680]
[203.276, 1679]
[203.662, 1675]
[204.048, 1683]
[204.434, 1681]
[204.82, 1678]
[205.205, 1668]
[205.591, 1677]
[205.977, 1676]
[206.363, 1674]
[206.749, 1674]
[207.135, 1675]
[207.521, 1680]
[207.907, 1676]
[208.293, 1676]
[208.679, 1674]
[209.065, 1666]
[209.451, 1674]
[209.837, 1671]
[210.223, 1677]
[210.609, 1669]
[210.995, 1679]
[211.381, 1681]
[211.767, 1678]
[212.153, 1677]
[212.54, 1679]
[212.926, 1675]
[213.312, 1672]
[213.698, 1677]
[214.084, 1670]
[214.47, 1672]
[214.857, 1672]
[215.243, 1684]
[215.629, 1673]
[216.015, 1689]
[216.401, 1682]
[216.788, 1678]
[217.174, 1681]
[217.56, 1671]
[217.946, 1671]
[218.333, 1680]
[218.719, 1686]
[219.105, 1677]
[219.492, 1679]
[219.878, 1687]
[220.264, 1677]
[220.651, 1684]
[221.037, 1675]
[221.424, 1681]
[221.81, 1684]
[222.196, 1691]
[222.583, 1689]
[222.969, 1683]
[223.356, 1691]
[223.742, 1689]
[224.129, 1697]
[224.515, 1685]
[224.902, 1687]
[225.288, 1677]
[225.675, 1692]
[226.061, 1690]
[226.448, 1687]
[226.834, 1686]
[227.221, 1693]
[227.607, 1687]
[227.994, 1691]
[228.381, 1689]
[228.767, 1685]
[229.154, 1691]
[229.541, 1681]
[229.927, 1692]
[230.314, 1689]
[230.701, 1687]
[231.087, 1695]
[231.474, 1696]
[231.861, 1690]
[232.247, 1698]
[232.634, 1685]
[233.021, 1677]
[233.408, 1688]
[233.794, 1695]
[234.181, 1689]
[234.568, 1686]
[234.955, 1688]
[235.342, 1683]
[235.729, 1683]
[236.115, 1684]
[236.502, 1686]
[236.889, 1696]
[237.276, 1694]
[237.663, 1690]
[238.05, 1692]
[238.437, 1698]
[238.824, 1690]
[239.211, 1683]
[239.598, 1685]
[239.985, 1688]
[240.372, 1683]
[240.759, 1685]
[241.146, 1683]
[241.533, 1684]
[241.92, 1691]
[242.307, 1683]
[242.694, 1692]
[243.081, 1686]
[243.468, 1683]
[243.855, 1684]
[244.242, 1686]
[244.629, 1682]
[245.016, 1678]
[245.403, 1689]
[245.791, 1686]
[246.178, 1683]
[246.565, 1695]
[246.952, 1689]
[247.339, 1689]
[247.727, 1695]
[248.114, 1690]
[248.501, 1695]
[248.888, 1695]
[249.276, 1685]
[249.663, 1685]
[250.05, 1684]
[250.437, 1686]
[250.825, 1679]
[251.212, 1687]
[251.599, 1681]
[251.987, 1686]
[252.374, 1693]
[252.761, 1686]
[253.149, 1680]
[253.536, 1684]
[253.924, 1674]
[254.311, 1682]
[254.698, 1678]
[255.086, 1690]
[255.473, 1691]
[255.861, 1693]
[256.248, 1692]
[256.636, 1694]
[257.023, 1686]
[257.411, 1690]
[257.798, 1686]
[258.186, 1683]
[258.573, 1691]
[258.961, 1693]
[259.349, 1680]
[259.736, 1683]
[260.124, 1689]
[260.511, 1694]
[260.899, 1700]
[261.287, 1688]
[261.674, 1687]
[262.062, 1680]
[262.45, 1677]
[262.837, 1681]
[263.225, 1682]
[263.613, 1683]
[264.001, 1682]
[264.388, 1701]
[264.776, 1685]
[265.164, 1685]
[265.552, 1682]
[265.939, 1681]
[266.327, 1677]
[266.715, 1685]
[267.103, 1682]
[267.491, 1686]
[267.878, 1680]
[268.266, 1682]
[268.654, 1695]
[269.042, 1691]
[269.43, 1688]
[269.818, 1687]
[270.206, 1680]
[270.594, 1681]
[270.982, 1689]
[271.37, 1678]
[271.758, 1674]
[272.146, 1683]
[272.534, 1689]
[272.922, 1687]
[273.31, 1694]
[273.698, 1689]
[274.086, 1693]
[274.474, 1687]
[274.862, 1684]
[275.25, 1680]
[275.638, 1680]
[276.026, 1676]
[276.414, 1674]
[276.802, 1682]
[277.19, 1685]
[277.579, 1687]
[277.967, 1695]
[278.355, 1683]
[278.743, 1688]
[279.131, 1693]
[279.519, 1683]
[279.908, 1684]
[280.296, 1691]
[280.684, 1679]
[281.072, 1679]
[281.461, 1687]
[281.849, 1689]
[282.237, 1687]
[282.626, 1687]
[283.014, 1680]
[283.402, 1688]
[283.791, 1682]
[284.179, 1678]
[284.567, 1682]
[284.956, 1680]
[285.344, 1679]
[285.733, 1690]
[286.121, 1686]
[286.509, 1689]
[286.898, 1691]
[287.286, 1689]
[287.675, 1694]
[288.063, 1691]
[288.452, 1684]
[288.84, 1686]
[289.229, 1689]
[289.617, 1676]
[290.006, 1676]
[290.394, 1686]
[290.783, 1682]
[291.172, 1689]
[291.56, 1698]
[291.949, 1685]
[292.337, 1695]
[292.726, 1693]
[293.115, 1683]
[293.503, 1687]
[293.892, 1675]
[294.281, 1675]
[294.669, 1682]
[295.058, 1680]
[295.447, 1687]
[295.835, 1685]
[296.224, 1691]
[296.613, 1686]
[297.002, 1684]
[297.391, 1694]
[297.779, 1685]
[298.168, 1689]
[298.557, 1671]
[298.946, 1682]
[299.335, 1677]
[299.723, 1685]
[300.112, 1677]
[300.501, 1689]
[300.89, 1693]
[301.279, 1683]
[301.668, 1684]
[302.057, 1692]
[302.446, 1688]
[302.835, 1686]
[303.224, 1684]
[303.613, 1678]
[304.002, 1688]
[304.391, 1686]
[304.78, 1685]
[305.169, 1679]
[305.558, 1683]
[305.947, 1689]
[306.336, 1677]
[306.725, 1687]
[307.114, 1683]
[307.503, 1682]
[307.892, 1684]
[308.281, 1684]
[308.67, 1681]
[309.06, 1674]
[309.449, 1692]
[309.838, 1689]
[310.227, 1689]
[310.616, 1687]
[311.005, 1690]
[311.395, 1685]
[311.784, 1683]
[312.173, 1682]
[312.562, 1684]
[312.952, 1675]
[313.341, 1688]
[313.73, 1682]
[314.12, 1689]
[314.509, 1681]
[314.898, 1685]
[315.288, 1680]
[315.677, 1685]
[316.066, 1684]
[316.456, 1687]
[316.845, 1685]
[317.234, 1695]
[317.624, 1682]
[318.013, 1682]
[318.403, 1684]
[318.792, 1690]
[319.182, 1683]
[319.571, 1689]
[319.961, 1687]
[320.35, 1685]
[320.74, 1684]
[321.129, 1686]
[321.519, 1681]
[321.908, 1687]
[322.298, 1683]
[322.687, 1677]
[323.077, 1688]
[323.467, 1678]
[323.856, 1680]
[324.246, 1684]
[324.635, 1687]
[325.025, 1687]
[325.415, 1692]
[325.804, 1681]
[326.194, 1683]
[326.584, 1692]
[326.974, 1681]
[327.363, 1688]
[327.753, 1683]
[328.143, 1686]
[328.533, 1678]
[328.922, 1689]
[329.312, 1680]
[329.702, 1680]
[330.092, 1686]
[330.482, 1699]
[330.871, 1677]
[331.261, 1688]
[331.651, 1688]
[332.041, 1681]
[332.431, 1687]
[332.821, 1688]
[333.211, 1674]
[333.601, 1678]
[333.99, 1678]
[334.38, 1688]
[334.77, 1684]
[335.16, 1691]
[335.55, 1688]
[335.94, 1680]
[336.33, 1689]
[336.72, 1686]
[337.11, 1693]
[337.5, 1683]
[337.891, 1678]
[338.281, 1685]
[338.671, 1675]
[339.061, 1685]
[339.451, 1680]
[339.841, 1683]
[340.231, 1694]
[340.621, 1688]
[341.012, 1693]
[341.402, 1686]
[341.792, 1693]
[342.182, 1695]
[342.572, 1682]
[342.962, 1683]
[343.353, 1684]
[343.743, 1685]
[344.133, 1685]
[344.523, 1679]
[344.914, 1682]
[345.304, 1680]
[345.694, 1685]
[346.085, 1678]
[346.475, 1680]
[346.865, 1691]
[347.256, 1683]
[347.646, 1691]
[348.036, 1683]
[348.427, 1689]
[348.817, 1679]
[349.208, 1680]
[349.598, 1673]
[349.989, 1681]
[350.379, 1678]
[350.77, 1687]
[351.16, 1685]
[351.551, 1685]
[351.941, 1693]
[352.332, 1687]
[352.722, 1687]
[353.113, 1684]
[353.503, 1680]
[353.894, 1686]
[354.284, 1687]
[354.675, 1684]
[355.066, 1689]
[355.456, 1678]
[355.847, 1682]
[356.237, 1695]
[356.628, 1695]
[357.019, 1693]
[357.409, 1686]
[357.8, 1696]
[358.191, 1692]
[358.582, 1687]
[358.972, 1691]
[359.363, 1687]
[359.754, 1693]
[360.145, 1681]
[360.535, 1686]
[360.926, 1683]
[361.317, 1684]
[361.708, 1677]
[362.099, 1683]
[362.489, 1688]
[362.88, 1690]
[363.271, 1688]
[363.662, 1693]
[364.053, 1693]
[364.444, 1692]
[364.835, 1692]
[365.226, 1684]
[365.617, 1692]
[366.008, 1688]
[366.399, 1691]
[366.79, 1688]
[367.181, 1683]
[367.572, 1686]
[367.963, 1688]
[368.354, 1685]
[368.745, 1693]
[369.136, 1694]
[369.527, 1685]
[369.918, 1700]
[370.309, 1694]
[370.7, 1698]
[371.091, 1690]
[371.482, 1697]
[371.873, 1694]
[372.265, 1683]
[372.656, 1692]
[373.047, 1691]
[373.438, 1693]
[373.829, 1684]
[374.221, 1682]
[374.612, 1687]
[375.003, 1702]
[375.394, 1692]
[375.786, 1690]
[376.177, 1698]
[376.568, 1700]
[376.959, 1700]
[377.351, 1693]
[377.742, 1705]
[378.133, 1701]
[378.525, 1707]
[378.916, 1701]
[379.308, 1696]
[379.699, 1699]
[380.09, 1700]
[380.482, 1685]
[380.873, 1698]
[381.265, 1692]
[381.656, 1691]
[382.048, 1692]
[382.439, 1698]
[382.831, 1697]
[383.222, 1699]
[383.614, 1715]
[384.005, 1704]
[384.397, 1705]
[384.788, 1700]
[385.18, 1708]
[385.571, 1703]
[385.963, 1699]
[386.355, 1697]
[386.746, 1705]
[387.138, 1701]
[387.53, 1701]
[387.921, 1706]
[388.313, 1704]
[388.705, 1714]
[389.096, 1713]
[389.488, 1705]
[389.88, 1715]
[390.271, 1715]
[390.663, 1712]
[391.055, 1706]
[391.447, 1709]
[391.839, 1713]
[392.23, 1707]
[392.622, 1710]
[393.014, 1705]
[393.406, 1717]
[393.798, 1693]
[394.189, 1705]
[394.581, 1715]
[394.973, 1721]
[395.365, 1714]
[395.757, 1723]
[396.149, 1711]
[396.541, 1717]
[396.933, 1713]
[397.325, 1712]
[397.717, 1717]
[398.109, 1707]
[398.501, 1706]
[398.893, 1713]
[399.285, 1722]
[399.677, 1716]
[400.069, 1718]
[400.461, 1716]
[400.853, 1724]
[401.245, 1731]
[401.637, 1726]
[402.029, 1717]
[402.421, 1721]
[402.814, 1723]
[403.206, 1725]
[403.598, 1721]
[403.99, 1723]
[404.382, 1727]
[404.774, 1715]
[405.167, 1730]
[405.559, 1721]
[405.951, 1719]
[406.343, 1735]
[406.736, 1726]
[407.128, 1735]
[407.52, 1740]
[407.913, 1727]
[408.305, 1726]
[408.697, 1736]
[409.09, 1739]
[409.482, 1734]
[409.874, 1737]
[410.267, 1735]
[410.659, 1736]
[411.051, 1732]
[411.444, 1734]
[411.836, 1747]
[412.229, 1741]
[412.621, 1744]
[413.014, 1751]
[413.406, 1741]
[413.799, 1747]
[414.191, 1728]
[414.584, 1747]
[414.976, 1735]
[415.369, 1740]
[415.761, 1737]
[416.154, 1749]
[416.546, 1735]
[416.939, 1745]
[417.332, 1748]
[417.724, 1751]
[418.117, 1751]
[418.509, 1760]
[418.902, 1749]
[419.295, 1757]
[419.687, 1765]
[420.08, 1753]
[420.473, 1753]
[420.866, 1752]
[421.258, 1759]
[421.651, 1775]
[422.044, 1760]
[422.437, 1751]
[422.829, 1744]
[423.222, 1760]
[423.615, 1769]
[424.008, 1773]
[424.401, 1776]
[424.793, 1767]
[425.186, 1769]
[425.579, 1762]
[425.972, 1765]
[426.365, 1765]
[426.758, 1771]
[427.151, 1752]
[427.544, 1778]
[427.937, 1773]
[428.33, 1767]
[428.723, 1776]
[429.116, 1771]
[429.509, 1781]
[429.902, 1777]
[430.295, 1779]
[430.688, 1774]
[431.081, 1774]
[431.474, 1789]
[431.867, 1791]
[432.26, 1794]
[432.653, 1790]
[433.046, 1774]
[433.439, 1781]
[433.832, 1782]
[434.226, 1778]
[434.619, 1784]
[435.012, 1793]
[435.405, 1801]
[435.798, 1815]
[436.191, 1807]
[436.585, 1801]
[436.978, 1801]
[437.371, 1789]
[437.765, 1802]
[438.158, 1793]
[438.551, 1801]
[438.944, 1801]
[439.338, 1802]
[439.731, 1802]
[440.124, 1812]
[440.518, 1809]
[440.911, 1811]
[441.305, 1805]
[441.698, 1811]
[442.091, 1811]
[442.485, 1816]
[442.878, 1822]
[443.272, 1823]
[443.665, 1815]
[444.059, 1818]
[444.452, 1815]
[444.845, 1830]
[445.239, 1824]
[445.633, 1834]
[446.026, 1844]
[446.42, 1825]
[446.813, 1836]
[447.207, 1825]
[447.6, 1817]
[447.994, 1830]
[448.388, 1838]
[448.781, 1835]
[449.175, 1849]
[449.568, 1826]
[449.962, 1849]
[450.356, 1833]
[450.749, 1841]
[451.143, 1859]
[451.537, 1857]
[451.931, 1852]
[452.324, 1851]
[452.718, 1844]
[453.112, 1846]
[453.506, 1855]
[453.899, 1852]
[454.293, 1854]
[454.687, 1866]
[455.081, 1862]
[455.475, 1851]
[455.868, 1873]
[456.262, 1862]
[456.656, 1866]
[457.05, 1862]
[457.444, 1868]
[457.838, 1870]
[458.232, 1870]
[458.626, 1873]
[459.02, 1887]
[459.414, 1888]
[459.808, 1887]
[460.202, 1887]
[460.596, 1887]
[460.99, 1885]
[461.384, 1893]
[461.778, 1889]
[462.172, 1888]
[462.566, 1897]
[462.96, 1898]
[463.354, 1901]
[463.748, 1897]
[464.142, 1899]
[464.536, 1904]
[464.931, 1904]
[465.325, 1912]
[465.719, 1914]
[466.113, 1913]
[466.507, 1918]
[466.902, 1925]
[467.296, 1912]
[467.69, 1921]
[468.084, 1919]
[468.478, 1909]
[468.873, 1925]
[469.267, 1927]
[469.661, 1928]
[470.056, 1938]
[470.45, 1929]
[470.844, 1926]
[471.239, 1943]
[471.633, 1939]
[472.027, 1936]
[472.422, 1948]
[472.816, 1943]
[473.211, 1952]
[473.605, 1954]
[474, 1953]
[474.394, 1963]
[474.788, 1974]
[475.183, 1977]
[475.577, 1952]
[475.972, 1966]
[476.366, 1975]
[476.761, 1989]
[477.155, 1972]
[477.55, 1975]
[477.945, 1988]
[478.339, 1978]
[478.734, 1986]
[479.128, 1985]
[479.523, 1984]
[479.918, 1982]
[480.312, 1990]
[480.707, 1998]
[481.102, 1996]
[481.496, 2007]
[481.891, 2005]
[482.286, 2018]
[482.68, 2009]
[483.075, 2019]
[483.47, 2027]
[483.865, 2022]
[484.259, 2008]
[484.654, 2037]
[485.049, 2023]
[485.444, 2055]
[485.839, 2035]
[486.234, 2041]
[486.628, 2036]
[487.023, 2025]
[487.418, 2037]
[487.813, 2037]
[488.208, 2061]
[488.603, 2053]
[488.998, 2057]
[489.393, 2063]
[489.788, 2067]
[490.183, 2065]
[490.578, 2065]
[490.973, 2079]
[491.368, 2073]
[491.763, 2065]
[492.158, 2074]
[492.553, 2055]
[492.948, 2060]
[493.343, 2085]
[493.738, 2090]
[494.133, 2092]
[494.528, 2072]
[494.923, 2077]
[495.318, 2093]
[495.714, 2098]
[496.109, 2094]
[496.504, 2091]
[496.899, 2125]
[497.294, 2100]
[497.689, 2101]
[498.085, 2111]
[498.48, 2121]
[498.875, 2115]
[499.27, 2109]
[499.666, 2146]
[500.061, 2136]
[500.456, 2138]
[500.852, 2136]
[501.247, 2122]
[501.642, 2142]
[502.038, 2129]
[502.433, 2151]
[502.828, 2170]
[503.224, 2164]
[503.619, 2175]
[504.015, 2154]
[504.41, 2157]
[504.806, 2170]
[505.201, 2162]
[505.596, 2202]
[505.992, 2184]
[506.387, 2183]
[506.783, 2208]
[507.178, 2187]
[507.574, 2189]
[507.97, 2217]
[508.365, 2183]
[508.761, 2196]
[509.156, 2211]
[509.552, 2207]
[509.947, 2192]
[510.343, 2214]
[510.739, 2203]
[511.134, 2242]
[511.53, 2221]
[511.926, 2243]
[512.321, 2240]
[512.717, 2218]
[513.113, 2243]
[513.509, 2244]
[513.904, 2262]
[514.3, 2250]
[514.696, 2258]
[515.092, 2254]
[515.487, 2269]
[515.883, 2228]
[516.279, 2246]
[516.675, 2274]
[517.071, 2277]
[517.467, 2259]
[517.862, 2270]
[518.258, 2261]
[518.654, 2284]
[519.05, 2282]
[519.446, 2291]
[519.842, 2286]
[520.238, 2290]
[520.634, 2305]
[521.03, 2324]
[521.426, 2287]
[521.822, 2282]
[522.218, 2291]
[522.614, 2313]
[523.01, 2282]
[523.406, 2341]
[523.802, 2320]
[524.198, 2315]
[524.594, 2338]
[524.99, 2333]
[525.387, 2339]
[525.783, 2321]
[526.179, 2345]
[526.575, 2343]
[526.971, 2342]
[527.367, 2363]
[527.764, 2364]
[528.16, 2372]
[528.556, 2357]
[528.952, 2359]
[529.348, 2381]
[529.745, 2377]
[530.141, 2367]
[530.537, 2367]
[530.934, 2351]
[531.33, 2380]
[531.726, 2389]
[532.123, 2394]
[532.519, 2383]
[532.915, 2382]
[533.312, 2421]
[533.708, 2414]
[534.104, 2404]
[534.501, 2409]
[534.897, 2427]
[535.294, 2412]
[535.69, 2427]
[536.087, 2434]
[536.483, 2419]
[536.88, 2422]
[537.276, 2433]
[537.673, 2461]
[538.069, 2425]
[538.466, 2449]
[538.862, 2451]
[539.259, 2441]
[539.655, 2454]
[540.052, 2485]
[540.449, 2451]
[540.845, 2440]
[541.242, 2437]
[541.639, 2485]
[542.035, 2478]
[542.432, 2505]
[542.829, 2487]
[543.225, 2481]
[543.622, 2496]
[544.019, 2519]
[544.416, 2493]
[544.812, 2511]
[545.209, 2478]
[545.606, 2488]
[546.003, 2490]
[546.4, 2498]
[546.796, 2553]
[547.193, 2532]
[547.59, 2549]
[547.987, 2541]
[548.384, 2553]
[548.781, 2543]
[549.178, 2549]
[549.574, 2548]
[549.971, 2557]
[550.368, 2560]
[550.765, 2539]
[551.162, 2559]
[551.559, 2560]
[551.956, 2568]
[552.353, 2595]
[552.75, 2573]
[553.147, 2564]
[553.544, 2579]
[553.941, 2569]
[554.338, 2586]
[554.735, 2577]
[555.133, 2589]
[555.53, 2600]
[555.927, 2625]
[556.324, 2629]
[556.721, 2646]
[557.118, 2663]
[557.515, 2648]
[557.913, 2633]
[558.31, 2633]
[558.707, 2677]
[559.104, 2673]
[559.502, 2689]
[559.899, 2676]
[560.296, 2680]
[560.693, 2690]
[561.091, 2692]
[561.488, 2700]
[561.885, 2678]
[562.283, 2696]
[562.68, 2735]
[563.077, 2720]
[563.475, 2719]
[563.872, 2723]
[564.269, 2720]
[564.667, 2708]
[565.064, 2727]
[565.462, 2728]
[565.859, 2736]
[566.257, 2765]
[566.654, 2756]
[567.052, 2738]
[567.449, 2799]
[567.847, 2741]
[568.244, 2751]
[568.642, 2763]
[569.039, 2748]
[569.437, 2795]
[569.834, 2771]
[570.232, 2751]
[570.63, 2802]
[571.027, 2758]
[571.425, 2750]
[571.823, 2787]
[572.22, 2801]
[572.618, 2797]
[573.016, 2799]
[573.413, 2797]
[573.811, 2814]
[574.209, 2815]
[574.606, 2819]
[575.004, 2805]
[575.402, 2828]
[575.8, 2856]
[576.198, 2818]
[576.595, 2858]
[576.993, 2836]
[577.391, 2816]
[577.789, 2849]
[578.187, 2849]
[578.585, 2895]
[578.982, 2857]
[579.38, 2875]
[579.778, 2864]
[580.176, 2896]
[580.574, 2869]
[580.972, 2834]
[581.37, 2926]
[581.768, 2911]
[582.166, 2908]
[582.564, 2924]
[582.962, 2943]
[583.36, 2947]
[583.758, 2939]
[584.156, 2967]
[584.554, 2968]
[584.952, 2971]
[585.35, 2992]
[585.748, 2963]
[586.147, 2979]
[586.545, 3000]
[586.943, 3012]
[587.341, 3016]
[587.739, 2989]
[588.137, 3027]
[588.536, 3031]
[588.934, 3035]
[589.332, 3064]
[589.73, 3077]
[590.129, 3017]
[590.527, 3051]
[590.925, 3077]
[591.323, 3063]
[591.722, 3088]
[592.12, 3074]
[592.518, 3080]
[592.917, 3069]
[593.315, 3105]
[593.713, 3128]
[594.112, 3069]
[594.51, 3094]
[594.909, 3123]
[595.307, 3106]
[595.706, 3112]
[596.104, 3116]
[596.502, 3106]
[596.901, 3160]
[597.299, 3162]
[597.698, 3146]
[598.096, 3140]
[598.495, 3150]
[598.893, 3149]
[599.292, 3137]
[599.691, 3165]
[600.089, 3172]
[600.488, 3171]
[600.886, 3184]
[601.285, 3215]
[601.684, 3183]
[602.082, 3176]
[602.481, 3218]
[602.88, 3180]
[603.278, 3192]
[603.677, 3195]
[604.076, 3206]
[604.474, 3220]
[604.873, 3247]
[605.272, 3229]
[605.671, 3249]
[606.07, 3239]
[606.468, 3239]
[606.867, 3233]
[607.266, 3258]
[607.665, 3276]
[608.064, 3272]
[608.463, 3285]
[608.861, 3228]
[609.26, 3269]
[609.659, 3282]
[610.058, 3286]
[610.457, 3305]
[610.856, 3267]
[611.255, 3293]
[611.654, 3313]
[612.053, 3327]
[612.452, 3301]
[612.851, 3279]
[613.25, 3317]
[613.649, 3339]
[614.048, 3355]
[614.447, 3305]
[614.846, 3321]
[615.245, 3311]
[615.644, 3362]
[616.043, 3362]
[616.443, 3337]
[616.842, 3333]
[617.241, 3324]
[617.64, 3331]
[618.039, 3371]
[618.438, 3366]
[618.838, 3379]
[619.237, 3381]
[619.636, 3369]
[620.035, 3380]
[620.435, 3418]
[620.834, 3367]
[621.233, 3392]
[621.632, 3401]
[622.032, 3378]
[622.431, 3397]
[622.83, 3397]
[623.23, 3405]
[623.629, 3404]
[624.028, 3430]
[624.428, 3417]
[624.827, 3422]
[625.227, 3393]
[625.626, 3410]
[626.026, 3419]
[626.425, 3440]
[626.824, 3419]
[627.224, 3469]
[627.623, 3434]
[628.023, 3451]
[628.422, 3441]
[628.822, 3473]
[629.221, 3471]
[629.621, 3461]
[630.021, 3458]
[630.42, 3479]
[630.82, 3455]
[631.22, 3467]
[631.619, 3473]
[632.019, 3497]
[632.419, 3462]
[632.818, 3486]
[633.218, 3553]
[633.618, 3523]
[634.017, 3545]
[634.417, 3530]
[634.817, 3498]
[635.216, 3559]
[635.616, 3530]
[636.016, 3589]
[636.416, 3581]
[636.816, 3590]
[637.215, 3536]
[637.615, 3518]
[638.015, 3594]
[638.415, 3581]
[638.815, 3612]
[639.215, 3573]
[639.615, 3549]
[640.015, 3618]
[640.414, 3625]
[640.814, 3608]
[641.214, 3583]
[641.614, 3617]
[642.014, 3623]
[642.414, 3595]
[642.814, 3614]
[643.214, 3589]
[643.614, 3654]
[644.014, 3600]
[644.414, 3636]
[644.815, 3598]
[645.215, 3610]
[645.615, 3614]
[646.015, 3613]
[646.415, 3611]
[646.815, 3647]
[647.215, 3643]
[647.615, 3629]
[648.016, 3623]
[648.416, 3636]
[648.816, 3616]
[649.216, 3615]
[649.616, 3644]
[650.017, 3676]
[650.417, 3685]
[650.817, 3671]
[651.217, 3721]
[651.618, 3677]
[652.018, 3680]
[652.418, 3705]
[652.819, 3693]
[653.219, 3697]
[653.619, 3684]
[654.02, 3718]
[654.42, 3663]
[654.821, 3691]
[655.221, 3691]
[655.621, 3702]
[656.022, 3718]
[656.422, 3693]
[656.823, 3709]
[657.223, 3752]
[657.624, 3702]
[658.024, 3731]
[658.425, 3749]
[658.825, 3816]
[659.226, 3824]
[659.627, 3818]
[660.027, 3797]
[660.428, 3819]
[660.828, 3822]
[661.229, 3786]
[661.63, 3815]
[662.03, 3837]
[662.431, 3842]
[662.832, 3847]
[663.232, 3859]
[663.633, 3860]
[664.034, 3839]
[664.434, 3840]
[664.835, 3901]
[665.236, 3892]
[665.637, 3861]
[666.037, 3846]
[666.438, 3864]
[666.839, 3874]
[667.24, 3865]
[667.641, 3868]
[668.042, 3905]
[668.442, 3907]
[668.843, 3908]
[669.244, 3918]
[669.645, 3909]
[670.046, 3910]
[670.447, 3901]
[670.848, 3889]
[671.249, 3896]
[671.65, 3950]
[672.051, 3970]
[672.452, 3910]
[672.853, 3952]
[673.254, 4001]
[673.655, 3942]
[674.056, 3952]
[674.457, 3966]
[674.858, 3935]
[675.259, 3953]
[675.66, 3953]
[676.061, 3968]
[676.463, 3981]
[676.864, 3962]
[677.265, 3984]
[677.666, 3977]
[678.067, 3966]
[678.468, 3986]
[678.87, 4021]
[679.271, 4037]
[679.672, 3980]
[680.073, 3991]
[680.475, 4001]
[680.876, 4021]
[681.277, 3962]
[681.678, 4045]
[682.08, 4015]
[682.481, 4035]
[682.882, 4017]
[683.284, 4046]
[683.685, 4085]
[684.087, 4045]
[684.488, 4077]
[684.889, 4066]
[685.291, 4017]
[685.692, 4024]
[686.094, 4051]
[686.495, 4052]
[686.897, 4074]
[687.298, 4055]
[687.7, 4065]
[688.101, 4091]
[688.503, 4089]
[688.904, 4075]
[689.306, 4091]
[689.707, 4053]
[690.109, 4086]
[690.511, 4086]
[690.912, 4088]
[691.314, 4099]
[691.716, 4112]
[692.117, 4104]
[692.519, 4122]
[692.92, 4129]
[693.322, 4076]
[693.724, 4145]
[694.126, 4138]
[694.527, 4139]
[694.929, 4129]
[695.331, 4123]
[695.733, 4128]
[696.134, 4116]
[696.536, 4124]
[696.938, 4120]
[697.34, 4123]
[697.742, 4177]
[698.144, 4213]
[698.545, 4155]
[698.947, 4127]
[699.349, 4166]
[699.751, 4183]
[700.153, 4181]
[700.555, 4165]
[700.957, 4150]
[701.359, 4172]
[701.761, 4193]
[702.163, 4164]
[702.565, 4223]
[702.967, 4241]
[703.369, 4189]
[703.771, 4217]
[704.173, 4229]
[704.575, 4229]
[704.977, 4184]
[705.379, 4175]
[705.781, 4181]
[706.184, 4206]
[706.586, 4270]
[706.988, 4233]
[707.39, 4202]
[707.792, 4260]
[708.194, 4229]
[708.597, 4253]
[708.999, 4182]
[709.401, 4229]
[709.803, 4244]
[710.206, 4253]
[710.608, 4211]
[711.01, 4213]
[711.413, 4265]
[711.815, 4247]
[712.217, 4288]
[712.62, 4273]
[713.022, 4251]
[713.424, 4275]
[713.827, 4292]
[714.229, 4256]
[714.631, 4244]
[715.034, 4234]
[715.436, 4271]
[715.839, 4268]
[716.241, 4277]
[716.644, 4233]
[717.046, 4242]
[717.449, 4300]
[717.851, 4320]
[718.254, 4293]
[718.656, 4299]
[719.059, 4282]
[719.462, 4303]
[719.864, 4296]
[720.267, 4298]
[720.669, 4272]
[721.072, 4292]
[721.475, 4283]
[721.877, 4315]
[722.28, 4286]
[722.683, 4307]
[723.085, 4284]
[723.488, 4344]
[723.891, 4377]
[724.294, 4315]
[724.696, 4306]
[725.099, 4326]
[725.502, 4323]
[725.905, 4322]
[726.307, 4305]
[726.71, 4289]
[727.113, 4263]
[727.516, 4303]
[727.919, 4307]
[728.322, 4283]
[728.725, 4281]
[729.127, 4319]
[729.53, 4337]
[729.933, 4329]
[730.336, 4346]
[730.739, 4340]
[731.142, 4295]
[731.545, 4319]
[731.948, 4325]
[732.351, 4312]
[732.754, 4309]
[733.157, 4331]
[733.56, 4315]
[733.963, 4352]
[734.366, 4331]
[734.77, 4383]
[735.173, 4360]
[735.576, 4375]
[735.979, 4359]
[736.382, 4355]
[736.785, 4385]
[737.188, 4379]
[737.592, 4360]
[737.995, 4419]
[738.398, 4453]
[738.801, 4435]
[739.204, 4489]
[739.608, 4510]
[740.011, 4460]
[740.414, 4487]
[740.818, 4464]
[741.221, 4464]
[741.624, 4452]
[742.028, 4475]
[742.431, 4444]
[742.834, 4414]
[743.238, 4493]
[743.641, 4448]
[744.044, 4520]
[744.448, 4526]
[744.851, 4440]
[745.255, 4443]
[745.658, 4413]
[746.062, 4483]
[746.465, 4479]
[746.869, 4436]
[747.272, 4467]
[747.676, 4458]
[748.079, 4461]
[748.483, 4425]
[748.886, 4476]
[749.29, 4457]
[749.694, 4448]
[750.097, 4462]
[750.501, 4445]
[750.904, 4447]
[751.308, 4451]
[751.712, 4426]
[752.116, 4361]
[752.519, 4405]
[752.923, 4412]
[753.327, 4419]
[753.73, 4380]
[754.134, 4439]
[754.538, 4398]
[754.942, 4462]
[755.345, 4384]
[755.749, 4410]
[756.153, 4420]
[756.557, 4433]
[756.961, 4431]
[757.365, 4406]
[757.768, 4342]
[758.172, 4380]
[758.576, 4327]
[758.98, 4363]
[759.384, 4309]
[759.788, 4306]
[760.192, 4350]
[760.596, 4360]
[761, 4381]
[761.404, 4361]
[761.808, 4366]
[762.212, 4396]
[762.616, 4414]
[763.02, 4399]
[763.424, 4394]
[763.828, 4361]
[764.232, 4383]
[764.636, 4354]
[765.041, 4395]
[765.445, 4442]
[765.849, 4444]
[766.253, 4465]
[766.657, 4429]
[767.061, 4460]
[767.466, 4444]
[767.87, 4495]
[768.274, 4522]
[768.678, 4512]
[769.083, 4513]
[769.487, 4554]
[769.891, 4532]
[770.295, 4585]
[770.7, 4549]
[771.104, 4567]
[771.508, 4555]
[771.913, 4578]
[772.317, 4576]
[772.721, 4546]
[773.126, 4569]
[773.53, 4558]
[773.935, 4617]
[774.339, 4584]
[774.744, 4574]
[775.148, 4588]
[775.552, 4587]
[775.957, 4589]
[776.362, 4581]
[776.766, 4560]
[777.171, 4555]
[777.575, 4567]
[777.98, 4539]
[778.384, 4614]
[778.789, 4609]
[779.193, 4605]
[779.598, 4655]
[780.003, 4590]
[780.407, 4610]
[780.812, 4593]
[781.217, 4572]
[781.621, 4635]
[782.026, 4533]
[782.431, 4580]
[782.835, 4526]
[783.24, 4531]
[783.645, 4545]
[784.05, 4573]
[784.455, 4533]
[784.859, 4475]
[785.264, 4500]
[785.669, 4515]
[786.074, 4519]
[786.479, 4494]
[786.883, 4492]
[787.288, 4483]
[787.693, 4508]
[788.098, 4552]
[788.503, 4475]
[788.908, 4471]
[789.313, 4478]
[789.718, 4423]
[790.123, 4453]
[790.528, 4424]
[790.933, 4401]
[791.338, 4398]
[791.743, 4410]
[792.148, 4465]
[792.553, 4456]
[792.958, 4476]
[793.363, 4437]
[793.768, 4452]
[794.173, 4524]
[794.579, 4426]
[794.984, 4406]
[795.389, 4426]
[795.794, 4395]
[796.199, 4367]
[796.604, 4352]
[797.01, 4353]
[797.415, 4371]
[797.82, 4376]
[798.225, 4374]
[798.63, 4383]
[799.036, 4376]
[799.441, 4411]
[799.846, 4427]
[800.252, 4392]
[800.657, 4422]
[801.062, 4377]
[801.468, 4407]
[801.873, 4375]
[802.278, 4330]
[802.684, 4335]
[803.089, 4375]
[803.495, 4361]
[803.9, 4316]
[804.306, 4338]
[804.711, 4370]
[805.117, 4315]
[805.522, 4339]
[805.928, 4336]
[806.333, 4330]
[806.739, 4342]
[807.144, 4322]
[807.55, 4357]
[807.955, 4368]
[808.361, 4342]
[808.767, 4357]
[809.172, 4301]
[809.578, 4309]
[809.984, 4319]
[810.389, 4327]
[810.795, 4280]
[811.201, 4281]
[811.606, 4266]
[812.012, 4317]
[812.418, 4305]
[812.823, 4298]
[813.229, 4301]
[813.635, 4336]
[814.041, 4271]
[814.447, 4288]
[814.852, 4365]
[815.258, 4326]
[815.664, 4284]
[816.07, 4294]
[816.476, 4275]
[816.882, 4284]
[817.288, 4300]
[817.693, 4258]
[818.099, 4291]
[818.505, 4253]
[818.911, 4261]
[819.317, 4301]
[819.723, 4264]
[820.129, 4313]
[820.535, 4272]
[820.941, 4309]
[821.347, 4339]
[821.753, 4278]
[822.159, 4314]
[822.566, 4297]
[822.972, 4261]
[823.378, 4345]
[823.784, 4296]
[824.19, 4261]
[824.596, 4304]
[825.002, 4235]
[825.409, 4273]
[825.815, 4294]
[826.221, 4296]
[826.627, 4251]
[827.033, 4296]
[827.44, 4275]
[827.846, 4262]
[828.252, 4308]
[828.658, 4267]
[829.065, 4281]
[829.471, 4295]
[829.877, 4272]
[830.284, 4269]
[830.69, 4224]
[831.096, 4261]
[831.503, 4237]
[831.909, 4246]
[832.316, 4222]
[832.722, 4259]
[833.129, 4297]
[833.535, 4291]
[833.942, 4322]
[834.348, 4291]
[834.754, 4315]
[835.161, 4317]
[835.568, 4282]
[835.974, 4306]
[836.381, 4293]
[836.787, 4277]
[837.194, 4257]
[837.6, 4247]
[838.007, 4302]
[838.414, 4263]
[838.82, 4256]
[839.227, 4257]
[839.633, 4237]
[840.04, 4310]
[840.447, 4255]
[840.854, 4301]
[841.26, 4308]
[841.667, 4275]
[842.074, 4285]
[842.481, 4273]
[842.887, 4248]
[843.294, 4328]
[843.701, 4342]
[844.108, 4320]
[844.515, 4292]
[844.921, 4363]
[845.328, 4303]
[845.735, 4311]
[846.142, 4340]
[846.549, 4295]
[846.956, 4303]
[847.363, 4287]
[847.77, 4279]
[848.177, 4288]
[848.584, 4301]
[848.991, 4261]
[849.398, 4284]
[849.805, 4298]
[850.212, 4355]
[850.619, 4302]
[851.026, 4326]
[851.433, 4313]
[851.84, 4327]
[852.247, 4293]
[852.654, 4348]
[853.061, 4350]
[853.468, 4289]
[853.876, 4327]
[854.283, 4352]
[854.69, 4320]
[855.097, 4344]
[855.504, 4304]
[855.912, 4295]
[856.319, 4336]
[856.726, 4387]
[857.133, 4368]
[857.541, 4389]
[857.948, 4328]
[858.355, 4348]
[858.763, 4352]
[859.17, 4376]
[859.577, 4422]
[859.985, 4370]
[860.392, 4372]
[860.799, 4414]
[861.207, 4400]
[861.614, 4383]
[862.022, 4394]
[862.429, 4353]
[862.836, 4401]
[863.244, 4378]
[863.651, 4376]
[864.059, 4456]
[864.466, 4356]
[864.874, 4394]
[865.282, 4371]
[865.689, 4392]
[866.097, 4421]
[866.504, 4400]
[866.912, 4400]
[867.32, 4430]
[867.727, 4458]
[868.135, 4391]
[868.542, 4447]
[868.95, 4452]
[869.358, 4405]
[869.766, 4427]
[870.173, 4464]
[870.581, 4419]
[870.989, 4469]
[871.396, 4446]
[871.804, 4444]
[872.212, 4450]
[872.62, 4497]
[873.028, 4481]
[873.435, 4477]
[873.843, 4476]
[874.251, 4495]
[874.659, 4505]
[875.067, 4461]
[875.475, 4475]
[875.883, 4524]
[876.291, 4497]
[876.699, 4489]
[877.107, 4466]
[877.515, 4411]
[877.922, 4406]
[878.331, 4501]
[878.739, 4441]
[879.147, 4424]
[879.555, 4472]
[879.963, 4464]
[880.371, 4496]
[880.779, 4550]
[881.187, 4574]
[881.595, 4566]
[882.003, 4592]
[882.411, 4567]
[882.819, 4587]
[883.228, 4602]
[883.636, 4644]
[884.044, 4665]
[884.452, 4658]
[884.86, 4739]
[885.269, 4756]
[885.677, 4811]
[886.085, 4802]
[886.493, 4809]
[886.902, 4807]
[887.31, 4847]
[887.718, 4869]
[888.127, 4883]
[888.535, 4903]
[888.943, 4894]
[889.352, 4944]
[889.76, 4909]
[890.168, 4966]
[890.577, 4966]
[890.985, 4961]
[891.394, 4927]
[891.802, 4946]
[892.211, 4957]
[892.619, 4892]
[893.028, 4880]
[893.436, 4905]
[893.845, 4909]
[894.253, 4929]
[894.662, 4859]
[895.07, 4859]
[895.479, 4880]
[895.888, 4858]
[896.296, 4870]
[896.705, 4853]
[897.114, 4837]
[897.522, 4877]
[897.931, 4823]
[898.34, 4819]
[898.748, 4814]
[899.157, 4794]
[899.566, 4831]
[899.974, 4810]
[900.383, 4810]
[900.792, 4788]
[901.201, 4831]
[901.61, 4841]
[902.018, 4793]
[902.427, 4792]
[902.836, 4801]
[903.245, 4801]
[903.654, 4779]
[904.063, 4773]
[904.472, 4800]
[904.88, 4788]
[905.289, 4787]
[905.698, 4766]
[906.107, 4774]
[906.516, 4810]
[906.925, 4749]
[907.334, 4796]
[907.743, 4801]
[908.152, 4742]
[908.561, 4766]
[908.97, 4738]
[909.379, 4813]
[909.789, 4774]
[910.198, 4725]
[910.607, 4735]
[911.016, 4739]
[911.425, 4761]
[911.834, 4747]
[912.243, 4762]
[912.652, 4786]
[913.062, 4762]
[913.471, 4762]
[913.88, 4764]
[914.289, 4764]
[914.699, 4726]
[915.108, 4710]
[915.517, 4755]
[915.926, 4701]
[916.336, 4745]
[916.745, 4671]
[917.154, 4714]
[917.564, 4758]
[917.973, 4696]
[918.383, 4673]
[918.792, 4769]
[919.201, 4722]
[919.611, 4683]
[920.02, 4678]
[920.43, 4688]
[920.839, 4680]
[921.249, 4671]
[921.658, 4695]
[922.068, 4665]
[922.477, 4707]
[922.887, 4691]
[923.296, 4717]
[923.706, 4689]
[924.115, 4691]
[924.525, 4727]
[924.935, 4691]
[925.344, 4714]
[925.754, 4685]
[926.163, 4683]
[926.573, 4650]
[926.983, 4682]
[927.392, 4658]
[927.802, 4667]
[928.212, 4680]
[928.622, 4651]
[929.031, 4614]
[929.441, 4614]
[929.851, 4623]
[930.261, 4645]
[930.67, 4626]
[931.08, 4614]
[931.49, 4586]
[931.9, 4636]
[932.31, 4585]
[932.72, 4595]
[933.13, 4578]
[933.539, 4604]
[933.949, 4624]
[934.359, 4621]
[934.769, 4561]
[935.179, 4618]
[935.589, 4576]
[935.999, 4624]
[936.409, 4623]
[936.819, 4607]
[937.229, 4611]
[937.639, 4609]
[938.049, 4577]
[938.46, 4563]
[938.87, 4581]
[939.28, 4550]
[939.69, 4603]
[940.1, 4506]
[940.51, 4481]
[940.92, 4570]
[941.331, 4603]
[941.741, 4512]
[942.151, 4509]
[942.561, 4548]
[942.971, 4553]
[943.382, 4547]
[943.792, 4491]
[944.202, 4496]
[944.612, 4535]
[945.023, 4476]
[945.433, 4519]
[945.843, 4534]
[946.254, 4524]
[946.664, 4494]
[947.074, 4530]
[947.485, 4541]
[947.895, 4557]
[948.306, 4558]
[948.716, 4573]
[949.126, 4542]
[949.537, 4478]
[949.947, 4486]
[950.358, 4486]
[950.768, 4498]
[951.179, 4467]
[951.59, 4471]
[952, 4433]
[952.411, 4471]
[952.821, 4469]
[953.232, 4475]
[953.642, 4475]
[954.053, 4470]
[954.464, 4476]
[954.874, 4477]
[955.285, 4422]
[955.696, 4449]
[956.106, 4418]
[956.517, 4405]
[956.928, 4415]
[957.339, 4440]
[957.749, 4390]
[958.16, 4438]
