[163.983, 1663]
[164.368, 1668]
[164.753, 1666]
[165.137, 1659]
[165.522, 1666]
[165.907, 1659]
[166.291, 1672]
[166.676, 1663]
[167.061, 1654]
[167.445, 1661]
[167.83, 1671]
[168.215, 1664]
[168.6, 1664]
[168.984, 1667]
[169.369, 1664]
[169.754, 1673]
[170.139, 1670]
[170.524, 1670]
[170.908, 1667]
[171.293, 1665]
[171.678, 1675]
[172.063, 1671]
[172.448, 1660]
[172.833, 1665]
[173.218, 1667]
[173.602, 1662]
[173.987, 1669]
[174.372, 1664]
[174.757, 1666]
[175.142, 1673]
[175.527, 1667]
[175.912, 1660]
[176.297, 1668]
[176.682, 1665]
[177.067, 1673]
[177.452, 1667]
[177.837, 1665]
[178.222, 1668]
[178.607, 1664]
[178.992, 1661]
[179.377, 1667]
[179.763, 1666]
[180.148, 1662]
[180.533, 1676]
[180.918, 1663]
[181.303, 1661]
[181.688, 1663]
[182.073, 1667]
[182.459, 1669]
[182.844, 1674]
[183.229, 1664]
[183.614, 1666]
[183.999, 1680]
[184.385, 1664]
[184.77, 1671]
[185.155, 1668]
[185.54, 1671]
[185.926, 1673]
[186.311, 1667]
[186.696, 1664]
[187.082, 1662]
[187.467, 1665]
[187.852, 1666]
[188.238, 1667]
[188.623, 1666]
[189.009, 1671]
[189.394, 1664]
[189.779, 1669]
[190.165, 1675]
[190.55, 1660]
[190.936, 1667]
[191.321, 1675]
[191.707, 1659]
[192.092, 1658]
[192.478, 1664]
[192.863, 1670]
[193.249, 1668]
[193.634, 1670]
[194.02, 1671]
[194.405, 1667]
[194.791, 1667]
[195.176, 1671]
[195.562, 1661]
[195.947, 1660]
[196.333, 1664]
[196.719, 1668]
[197.104, 1667]
[197.49, 1668]
[197.876, 1670]
[198.261, 1675]
[198.647, 1670]
[199.033, 1665]
[199.418, 1663]
[199.804, 1673]
[200.19, 1670]
[200.576, 1669]
[200.961, 1662]
[201.347, 1656]
[201.733, 1675]
[202.119, 1663]
[202.505, 1675]
[202.89, 1658]
[203.276, 1665]
[203.662, 1669]
[204.048, 1663]
[204.434, 1661]
[204.82, 1662]
[205.205, 1677]
[205.591, 1672]
[205.977, 1667]
[206.363, 1664]
[206.749, 1661]
[207.135, 1667]
[207.521, 1675]
[207.907, 1665]
[208.293, 1661]
[208.679, 1660]
[209.065, 1669]
[209.451, 1673]
[209.837, 1666]
[210.223, 1658]
[210.609, 1677]
[210.995, 1680]
[211.381, 1666]
[211.767, 1666]
[212.153, 1666]
[212.54, 1677]
[212.926, 1669]
[213.312, 1670]
[213.698, 1666]
[214.084, 1670]
[214.47, 1675]
[214.857, 1663]
[215.243, 1668]
[215.629, 1668]
[216.015, 1664]
[216.401, 1669]
[216.788, 1671]
[217.174, 1666]
[217.56, 1671]
[217.946, 1671]
[218.333, 1672]
[218.719, 1671]
[219.105, 1667]
[219.492, 1677]
[219.878, 1674]
[220.264, 1668]
[220.651, 1680]
[221.037, 1679]
[221.424, 1681]
[221.81, 1679]
[222.196, 1674]
[222.583, 1681]
[222.969, 1681]
[223.356, 1679]
[223.742, 1676]
[224.129, 1685]
[224.515, 1685]
[224.902, 1693]
[225.288, 1675]
[225.675, 1680]
[226.061, 1683]
[226.448, 1681]
[226.834, 1686]
[227.221, 1675]
[227.607, 1670]
[227.994, 1685]
[228.381, 1678]
[228.767, 1681]
[229.154, 1677]
[229.541, 1684]
[229.927, 1681]
[230.314, 1677]
[230.701, 1670]
[231.087, 1682]
[231.474, 1681]
[231.861, 1678]
[232.247, 1682]
[232.634, 1683]
[233.021, 1687]
[233.408, 1677]
[233.794, 1678]
[234.181, 1681]
[234.568, 1682]
[234.955, 1680]
[235.342, 1680]
[235.729, 1683]
[236.115, 1684]
[236.502, 1684]
[236.889, 1683]
[237.276, 1678]
[237.663, 1689]
[238.05, 1681]
[238.437, 1676]
[238.824, 1680]
[239.211, 1675]
[239.598, 1682]
[239.985, 1687]
[240.372, 1676]
[240.759, 1679]
[241.146, 1677]
[241.533, 1682]
[241.92, 1680]
[242.307, 1680]
[242.694, 1689]
[243.081, 1678]
[243.468, 1676]
[243.855, 1670]
[244.242, 1682]
[244.629, 1687]
[245.016, 1679]
[245.403, 1674]
[245.791, 1676]
[246.178, 1686]
[246.565, 1681]
[246.952, 1676]
[247.339, 1675]
[247.727, 1680]
[248.114, 1679]
[248.501, 1678]
[248.888, 1677]
[249.276, 1685]
[249.663, 1669]
[250.05, 1672]
[250.437, 1682]
[250.825, 1679]
[251.212, 1678]
[251.599, 1679]
[251.987, 1677]
[252.374, 1680]
[252.761, 1684]
[253.149, 1673]
[253.536, 1677]
[253.924, 1681]
[254.311, 1681]
[254.698, 1680]
[255.086, 1681]
[255.473, 1683]
[255.861, 1682]
[256.248, 1677]
[256.636, 1685]
[257.023, 1684]
[257.411, 1678]
[257.798, 1677]
[258.186, 1677]
[258.573, 1680]
[258.961, 1682]
[259.349, 1677]
[259.736, 1680]
[260.124, 1676]
[260.511, 1676]
[260.899, 1682]
[261.287, 1684]
[261.674, 1673]
[262.062, 1680]
[262.45, 1678]
[262.837, 1678]
[263.225, 1678]
[263.613, 1679]
[264.001, 1683]
[264.388, 1680]
[264.776, 1672]
[265.164, 1677]
[265.552, 1680]
[265.939, 1674]
[266.327, 1668]
[266.715, 1682]
[267.103, 1685]
[267.491, 1680]
[267.878, 1677]
[268.266, 1683]
[268.654, 1675]
[269.042, 1676]
[269.43, 1682]
[269.818, 1680]
[270.206, 1675]
[270.594, 1682]
[270.982, 1671]
[271.37, 1669]
[271.758, 1668]
[272.146, 1682]
[272.534, 1683]
[272.922, 1676]
[273.31, 1671]
[273.698, 1679]
[274.086, 1678]
[274.474, 1674]
[274.862, 1675]
[275.25, 1678]
[275.638, 1670]
[276.026, 1668]
[276.414, 1675]
[276.802, 1670]
[277.19, 1681]
[277.579, 1679]
[277.967, 1673]
[278.355, 1677]
[278.743, 1678]
[279.131, 1685]
[279.519, 1683]
[279.908, 1664]
[280.296, 1677]
[280.684, 1677]
[281.072, 1686]
[281.461, 1672]
[281.849, 1676]
[282.237, 1682]
[282.626, 1674]
[283.014, 1673]
[283.402, 1681]
[283.791, 1677]
[284.179, 1678]
[284.567, 1681]
[284.956, 1677]
[285.344, 1684]
[285.733, 1688]
[286.121, 1685]
[286.509, 1672]
[286.898, 1678]
[287.286, 1681]
[287.675, 1681]
[288.063, 1670]
[288.452, 1678]
[288.84, 1680]
[289.229, 1673]
[289.617, 1677]
[290.006, 1690]
[290.394, 1675]
[290.783, 1680]
[291.172, 1677]
[291.56, 1681]
[291.949, 1677]
[292.337, 1676]
[292.726, 1676]
[293.115, 1681]
[293.503, 1673]
[293.892, 1685]
[294.281, 1678]
[294.669, 1677]
[295.058, 1674]
[295.447, 1689]
[295.835, 1675]
[296.224, 1676]
[296.613, 1675]
[297.002, 1680]
[297.391, 1681]
[297.779, 1677]
[298.168, 1680]
[298.557, 1678]
[298.946, 1678]
[299.335, 1683]
[299.723, 1685]
[300.112, 1669]
[300.501, 1670]
[300.89, 1680]
[301.279, 1672]
[301.668, 1677]
[302.057, 1673]
[302.446, 1682]
[302.835, 1688]
[303.224, 1669]
[303.613, 1674]
[304.002, 1667]
[304.391, 1683]
[304.78, 1682]
[305.169, 1677]
[305.558, 1674]
[305.947, 1683]
[306.336, 1679]
[306.725, 1681]
[307.114, 1676]
[307.503, 1676]
[307.892, 1682]
[308.281, 1687]
[308.67, 1666]
[309.06, 1682]
[309.449, 1679]
[309.838, 1675]
[310.227, 1674]
[310.616, 1675]
[311.005, 1677]
[311.395, 1680]
[311.784, 1673]
[312.173, 1678]
[312.562, 1677]
[312.952, 1683]
[313.341, 1670]
[313.73, 1676]
[314.12, 1678]
[314.509, 1684]
[314.898, 1675]
[315.288, 1683]
[315.677, 1685]
[316.066, 1670]
[316.456, 1674]
[316.845, 1677]
[317.234, 1677]
[317.624, 1682]
[318.013, 1674]
[318.403, 1677]
[318.792, 1688]
[319.182, 1682]
[319.571, 1679]
[319.961, 1680]
[320.35, 1680]
[320.74, 1681]
[321.129, 1685]
[321.519, 1677]
[321.908, 1681]
[322.298, 1679]
[322.687, 1677]
[323.077, 1681]
[323.467, 1678]
[323.856, 1673]
[324.246, 1677]
[324.635, 1676]
[325.025, 1682]
[325.415, 1679]
[325.804, 1680]
[326.194, 1683]
[326.584, 1679]
[326.974, 1680]
[327.363, 1683]
[327.753, 1681]
[328.143, 1679]
[328.533, 1667]
[328.922, 1681]
[329.312, 1683]
[329.702, 1676]
[330.092, 1678]
[330.482, 1680]
[330.871, 1684]
[331.261, 1677]
[331.651, 1675]
[332.041, 1675]
[332.431, 1680]
[332.821, 1678]
[333.211, 1670]
[333.601, 1678]
[333.99, 1689]
[334.38, 1680]
[334.77, 1672]
[335.16, 1680]
[335.55, 1679]
[335.94, 1676]
[336.33, 1682]
[336.72, 1679]
[337.11, 1677]
[337.5, 1679]
[337.891, 1674]
[338.281, 1678]
[338.671, 1673]
[339.061, 1677]
[339.451, 1680]
[339.841, 1677]
[340.231, 1680]
[340.621, 1671]
[341.012, 1674]
[341.402, 1681]
[341.792, 1684]
[342.182, 1676]
[342.572, 1669]
[342.962, 1675]
[343.353, 1683]
[343.743, 1670]
[344.133, 1678]
[344.523, 1682]
[344.914, 1684]
[345.304, 1682]
[345.694, 1675]
[346.085, 1680]
[346.475, 1677]
[346.865, 1671]
[347.256, 1674]
[347.646, 1688]
[348.036, 1680]
[348.427, 1680]
[348.817, 1683]
[349.208, 1676]
[349.598, 1673]
[349.989, 1678]
[350.379, 1671]
[350.77, 1684]
[351.16, 1680]
[351.551, 1670]
[351.941, 1677]
[352.332, 1687]
[352.722, 1685]
[353.113, 1676]
[353.503, 1677]
[353.894, 1683]
[354.284, 1678]
[354.675, 1679]
[355.066, 1677]
[355.456, 1680]
[355.847, 1679]
[356.237, 1669]
[356.628, 1685]
[357.019, 1690]
[357.409, 1685]
[357.8, 1678]
[358.191, 1684]
[358.582, 1690]
[358.972, 1675]
[359.363, 1682]
[359.754, 1686]
[360.145, 1683]
[360.535, 1682]
[360.926, 1682]
[361.317, 1690]
[361.708, 1678]
[362.099, 1675]
[362.489, 1678]
[362.88, 1685]
[363.271, 1684]
[363.662, 1676]
[364.053, 1682]
[364.444, 1684]
[364.835, 1687]
[365.226, 1675]
[365.617, 1677]
[366.008, 1685]
[366.399, 1671]
[366.79, 1680]
[367.181, 1685]
[367.572, 1684]
[367.963, 1685]
[368.354, 1681]
[368.745, 1676]
[369.136, 1691]
[369.527, 1682]
[369.918, 1681]
[370.309, 1680]
[370.7, 1688]
[371.091, 1683]
[371.482, 1686]
[371.873, 1673]
[372.265, 1687]
[372.656, 1684]
[373.047, 1683]
[373.438, 1685]
[373.829, 1684]
[374.221, 1687]
[374.612, 1678]
[375.003, 1678]
[375.394, 1690]
[375.786, 1687]
[376.177, 1679]
[376.568, 1689]
[376.959, 1689]
[377.351, 1689]
[377.742, 1694]
[378.133, 1682]
[378.525, 1687]
[378.916, 1692]
[379.308, 1694]
[379.699, 1679]
[380.09, 1703]
[380.482, 1685]
[380.873, 1697]
[381.265, 1692]
[381.656, 1691]
[382.048, 1694]
[382.439, 1696]
[382.831, 1698]
[383.222, 1689]
[383.614, 1693]
[384.005, 1690]
[384.397, 1692]
[384.788, 1683]
[385.18, 1692]
[385.571, 1701]
[385.963, 1697]
[386.355, 1697]
[386.746, 1692]
[387.138, 1701]
[387.53, 1704]
[387.921, 1681]
[388.313, 1688]
[388.705, 1702]
[389.096, 1697]
[389.488, 1700]
[389.88, 1699]
[390.271, 1703]
[390.663, 1709]
[391.055, 1696]
[391.447, 1703]
[391.839, 1705]
[392.23, 1699]
[392.622, 1700]
[393.014, 1702]
[393.406, 1703]
[393.798, 1707]
[394.189, 1708]
[394.581, 1697]
[394.973, 1700]
[395.365, 1709]
[395.757, 1711]
[396.149, 1697]
[396.541, 1696]
[396.933, 1709]
[397.325, 1710]
[397.717, 1700]
[398.109, 1706]
[398.501, 1717]
[398.893, 1722]
[399.285, 1710]
[399.677, 1701]
[400.069, 1707]
[400.461, 1719]
[400.853, 1720]
[401.245, 1720]
[401.637, 1704]
[402.029, 1718]
[402.421, 1723]
[402.814, 1716]
[403.206, 1708]
[403.598, 1727]
[403.99, 1723]
[404.382, 1722]
[404.774, 1719]
[405.167, 1711]
[405.559, 1721]
[405.951, 1726]
[406.343, 1718]
[406.736, 1725]
[407.128, 1719]
[407.52, 1730]
[407.913, 1726]
[408.305, 1718]
[408.697, 1713]
[409.09, 1734]
[409.482, 1733]
[409.874, 1730]
[410.267, 1728]
[410.659, 1722]
[411.051, 1729]
[411.444, 1736]
[411.836, 1730]
[412.229, 1722]
[412.621, 1736]
[413.014, 1729]
[413.406, 1728]
[413.799, 1729]
[414.191, 1734]
[414.584, 1752]
[414.976, 1737]
[415.369, 1736]
[415.761, 1735]
[416.154, 1741]
[416.546, 1743]
[416.939, 1740]
[417.332, 1745]
[417.724, 1751]
[418.117, 1754]
[418.509, 1737]
[418.902, 1753]
[419.295, 1759]
[419.687, 1744]
[420.08, 1752]
[420.473, 1737]
[420.866, 1751]
[421.258, 1754]
[421.651, 1755]
[422.044, 1751]
[422.437, 1748]
[422.829, 1761]
[423.222, 1748]
[423.615, 1757]
[424.008, 1758]
[424.401, 1755]
[424.793, 1757]
[425.186, 1773]
[425.579, 1749]
[425.972, 1760]
[426.365, 1772]
[426.758, 1763]
[427.151, 1757]
[427.544, 1766]
[427.937, 1768]
[428.33, 1770]
[428.723, 1773]
[429.116, 1764]
[429.509, 1771]
[429.902, 1769]
[430.295, 1775]
[430.688, 1778]
[431.081, 1759]
[431.474, 1777]
[431.867, 1778]
[432.26, 1779]
[432.653, 1784]
[433.046, 1776]
[433.439, 1783]
[433.832, 1778]
[434.226, 1769]
[434.619, 1780]
[435.012, 1788]
[435.405, 1779]
[435.798, 1788]
[436.191, 1795]
[436.585, 1790]
[436.978, 1798]
[437.371, 1797]
[437.765, 1785]
[438.158, 1783]
[438.551, 1791]
[438.944, 1805]
[439.338, 1798]
[439.731, 1802]
[440.124, 1807]
[440.518, 1810]
[440.911, 1801]
[441.305, 1799]
[441.698, 1816]
[442.091, 1799]
[442.485, 1814]
[442.878, 1810]
[443.272, 1810]
[443.665, 1813]
[444.059, 1809]
[444.452, 1828]
[444.845, 1807]
[445.239, 1816]
[445.633, 1824]
[446.026, 1826]
[446.42, 1820]
[446.813, 1811]
[447.207, 1832]
[447.6, 1817]
[447.994, 1827]
[448.388, 1831]
[448.781, 1811]
[449.175, 1821]
[449.568, 1830]
[449.962, 1836]
[450.356, 1819]
[450.749, 1832]
[451.143, 1841]
[451.537, 1835]
[451.931, 1839]
[452.324, 1826]
[452.718, 1839]
[453.112, 1848]
[453.506, 1849]
[453.899, 1844]
[454.293, 1846]
[454.687, 1851]
[455.081, 1855]
[455.475, 1860]
[455.868, 1853]
[456.262, 1859]
[456.656, 1875]
[457.05, 1865]
[457.444, 1861]
[457.838, 1855]
[458.232, 1868]
[458.626, 1888]
[459.02, 1880]
[459.414, 1859]
[459.808, 1870]
[460.202, 1865]
[460.596, 1878]
[460.99, 1876]
[461.384, 1871]
[461.778, 1881]
[462.172, 1891]
[462.566, 1881]
[462.96, 1896]
[463.354, 1906]
[463.748, 1895]
[464.142, 1882]
[464.536, 1892]
[464.931, 1886]
[465.325, 1904]
[465.719, 1893]
[466.113, 1910]
[466.507, 1906]
[466.902, 1913]
[467.296, 1909]
[467.69, 1906]
[468.084, 1920]
[468.478, 1917]
[468.873, 1923]
[469.267, 1907]
[469.661, 1929]
[470.056, 1935]
[470.45, 1919]
[470.844, 1930]
[471.239, 1957]
[471.633, 1936]
[472.027, 1934]
[472.422, 1927]
[472.816, 1939]
[473.211, 1941]
[473.605, 1949]
[474, 1952]
[474.394, 1932]
[474.788, 1941]
[475.183, 1963]
[475.577, 1964]
[475.972, 1964]
[476.366, 1957]
[476.761, 1983]
[477.155, 1975]
[477.55, 1973]
[477.945, 1981]
[478.339, 1990]
[478.734, 1983]
[479.128, 1982]
[479.523, 1969]
[479.918, 1991]
[480.312, 1975]
[480.707, 1987]
[481.102, 2000]
[481.496, 2005]
[481.891, 1991]
[482.286, 2018]
[482.68, 2012]
[483.075, 2009]
[483.47, 2017]
[483.865, 2012]
[484.259, 2011]
[484.654, 1994]
[485.049, 2021]
[485.444, 2026]
[485.839, 2015]
[486.234, 2022]
[486.628, 2013]
[487.023, 2027]
[487.418, 2035]
[487.813, 2041]
[488.208, 2035]
[488.603, 2046]
[488.998, 2035]
[489.393, 2032]
[489.788, 2043]
[490.183, 2052]
[490.578, 2053]
[490.973, 2052]
[491.368, 2061]
[491.763, 2057]
[492.158, 2069]
[492.553, 2060]
[492.948, 2072]
[493.343, 2089]
[493.738, 2069]
[494.133, 2066]
[494.528, 2072]
[494.923, 2077]
[495.318, 2076]
[495.714, 2076]
[496.109, 2088]
[496.504, 2066]
[496.899, 2110]
[497.294, 2094]
[497.689, 2101]
[498.085, 2092]
[498.48, 2125]
[498.875, 2107]
[499.27, 2109]
[499.666, 2103]
[500.061, 2130]
[500.456, 2119]
[500.852, 2122]
[501.247, 2126]
[501.642, 2137]
[502.038, 2141]
[502.433, 2155]
[502.828, 2153]
[503.224, 2147]
[503.619, 2144]
[504.015, 2161]
[504.41, 2163]
[504.806, 2163]
[505.201, 2158]
[505.596, 2145]
[505.992, 2152]
[506.387, 2173]
[506.783, 2174]
[507.178, 2177]
[507.574, 2172]
[507.97, 2157]
[508.365, 2193]
[508.761, 2199]
[509.156, 2193]
[509.552, 2208]
[509.947, 2211]
[510.343, 2211]
[510.739, 2203]
[511.134, 2204]
[511.53, 2221]
[511.926, 2223]
[512.321, 2213]
[512.717, 2226]
[513.113, 2218]
[513.509, 2262]
[513.904, 2251]
[514.3, 2227]
[514.696, 2257]
[515.092, 2236]
[515.487, 2248]
[515.883, 2250]
[516.279, 2249]
[516.675, 2238]
[517.071, 2272]
[517.467, 2257]
[517.862, 2272]
[518.258, 2265]
[518.654, 2257]
[519.05, 2261]
[519.446, 2285]
[519.842, 2265]
[520.238, 2275]
[520.634, 2291]
[521.03, 2268]
[521.426, 2300]
[521.822, 2316]
[522.218, 2289]
[522.614, 2323]
[523.01, 2304]
[523.406, 2293]
[523.802, 2321]
[524.198, 2325]
[524.594, 2307]
[524.99, 2323]
[525.387, 2325]
[525.783, 2340]
[526.179, 2339]
[526.575, 2334]
[526.971, 2339]
[527.367, 2354]
[527.764, 2340]
[528.16, 2379]
[528.556, 2353]
[528.952, 2365]
[529.348, 2399]
[529.745, 2360]
[530.141, 2357]
[530.537, 2363]
[530.934, 2382]
[531.33, 2381]
[531.726, 2372]
[532.123, 2402]
[532.519, 2400]
[532.915, 2388]
[533.312, 2405]
[533.708, 2397]
[534.104, 2380]
[534.501, 2417]
[534.897, 2409]
[535.294, 2418]
[535.69, 2427]
[536.087, 2438]
[536.483, 2430]
[536.88, 2422]
[537.276, 2429]
[537.673, 2454]
[538.069, 2430]
[538.466, 2428]
[538.862, 2480]
[539.259, 2432]
[539.655, 2438]
[540.052, 2462]
[540.449, 2444]
[540.845, 2441]
[541.242, 2458]
[541.639, 2453]
[542.035, 2492]
[542.432, 2484]
[542.829, 2490]
[543.225, 2499]
[543.622, 2481]
[544.019, 2501]
[544.416, 2486]
[544.812, 2507]
[545.209, 2518]
[545.606, 2529]
[546.003, 2511]
[546.4, 2527]
[546.796, 2512]
[547.193, 2532]
[547.59, 2553]
[547.987, 2520]
[548.384, 2528]
[548.781, 2524]
[549.178, 2555]
[549.574, 2560]
[549.971, 2552]
[550.368, 2551]
[550.765, 2550]
[551.162, 2576]
[551.559, 2531]
[551.956, 2568]
[552.353, 2587]
[552.75, 2558]
[553.147, 2576]
[553.544, 2588]
[553.941, 2592]
[554.338, 2584]
[554.735, 2607]
[555.133, 2607]
[555.53, 2619]
[555.927, 2636]
[556.324, 2588]
[556.721, 2612]
[557.118, 2616]
[557.515, 2631]
[557.913, 2618]
[558.31, 2641]
[558.707, 2652]
[559.104, 2670]
[559.502, 2653]
[559.899, 2662]
[560.296, 2665]
[560.693, 2689]
[561.091, 2675]
[561.488, 2686]
[561.885, 2693]
[562.283, 2729]
[562.68, 2715]
[563.077, 2718]
[563.475, 2697]
[563.872, 2729]
[564.269, 2722]
[564.667, 2716]
[565.064, 2732]
[565.462, 2743]
[565.859, 2736]
[566.257, 2748]
[566.654, 2756]
[567.052, 2743]
[567.449, 2726]
[567.847, 2736]
[568.244, 2739]
[568.642, 2763]
[569.039, 2769]
[569.437, 2734]
[569.834, 2754]
[570.232, 2788]
[570.63, 2789]
[571.027, 2788]
[571.425, 2764]
[571.823, 2785]
[572.22, 2785]
[572.618, 2789]
[573.016, 2782]
[573.413, 2781]
[573.811, 2807]
[574.209, 2798]
[574.606, 2804]
[575.004, 2798]
[575.402, 2812]
[575.8, 2799]
[576.198, 2797]
[576.595, 2828]
[576.993, 2852]
[577.391, 2828]
[577.789, 2822]
[578.187, 2848]
[578.585, 2886]
[578.982, 2833]
[579.38, 2876]
[579.778, 2868]
[580.176, 2879]
[580.574, 2898]
[580.972, 2896]
[581.37, 2916]
[581.768, 2891]
[582.166, 2936]
[582.564, 2940]
[582.962, 2932]
[583.36, 2973]
[583.758, 2952]
[584.156, 2962]
[584.554, 2962]
[584.952, 3001]
[585.35, 2995]
[585.748, 2972]
[586.147, 3005]
[586.545, 2975]
[586.943, 2987]
[587.341, 2999]
[587.739, 3057]
[588.137, 3041]
[588.536, 3040]
[588.934, 3025]
[589.332, 3044]
[589.73, 3042]
[590.129, 3052]
[590.527, 3072]
[590.925, 3066]
[591.323, 3099]
[591.722, 3079]
[592.12, 3077]
[592.518, 3096]
[592.917, 3074]
[593.315, 3077]
[593.713, 3107]
[594.112, 3079]
[594.51, 3117]
[594.909, 3111]
[595.307, 3102]
[595.706, 3080]
[596.104, 3107]
[596.502, 3113]
[596.901, 3108]
[597.299, 3114]
[597.698, 3146]
[598.096, 3163]
[598.495, 3153]
[598.893, 3129]
[599.292, 3185]
[599.691, 3168]
[600.089, 3175]
[600.488, 3177]
[600.886, 3168]
[601.285, 3168]
[601.684, 3194]
[602.082, 3192]
[602.481, 3192]
[602.88, 3189]
[603.278, 3187]
[603.677, 3206]
[604.076, 3215]
[604.474, 3202]
[604.873, 3190]
[605.272, 3214]
[605.671, 3218]
[606.07, 3236]
[606.468, 3227]
[606.867, 3255]
[607.266, 3251]
[607.665, 3269]
[608.064, 3264]
[608.463, 3236]
[608.861, 3255]
[609.26, 3271]
[609.659, 3249]
[610.058, 3274]
[610.457, 3268]
[610.856, 3307]
[611.255, 3308]
[611.654, 3320]
[612.053, 3298]
[612.452, 3274]
[612.851, 3272]
[613.25, 3303]
[613.649, 3286]
[614.048, 3328]
[614.447, 3318]
[614.846, 3316]
[615.245, 3329]
[615.644, 3336]
[616.043, 3339]
[616.443, 3349]
[616.842, 3312]
[617.241, 3354]
[617.64, 3404]
[618.039, 3397]
[618.438, 3353]
[618.838, 3342]
[619.237, 3370]
[619.636, 3387]
[620.035, 3379]
[620.435, 3425]
[620.834, 3384]
[621.233, 3419]
[621.632, 3401]
[622.032, 3424]
[622.431, 3411]
[622.83, 3421]
[623.23, 3430]
[623.629, 3400]
[624.028, 3402]
[624.428, 3460]
[624.827, 3428]
[625.227, 3434]
[625.626, 3454]
[626.026, 3427]
[626.425, 3431]
[626.824, 3426]
[627.224, 3437]
[627.623, 3440]
[628.023, 3463]
[628.422, 3473]
[628.822, 3443]
[629.221, 3446]
[629.621, 3461]
[630.021, 3465]
[630.42, 3458]
[630.82, 3464]
[631.22, 3473]
[631.619, 3497]
[632.019, 3481]
[632.419, 3459]
[632.818, 3520]
[633.218, 3503]
[633.618, 3501]
[634.017, 3475]
[634.417, 3518]
[634.817, 3535]
[635.216, 3551]
[635.616, 3567]
[636.016, 3562]
[636.416, 3547]
[636.816, 3569]
[637.215, 3572]
[637.615, 3548]
[638.015, 3601]
[638.415, 3583]
[638.815, 3595]
[639.215, 3605]
[639.615, 3560]
[640.015, 3603]
[640.414, 3577]
[640.814, 3605]
[641.214, 3599]
[641.614, 3596]
[642.014, 3612]
[642.414, 3607]
[642.814, 3640]
[643.214, 3613]
[643.614, 3641]
[644.014, 3635]
[644.414, 3633]
[644.815, 3607]
[645.215, 3588]
[645.615, 3605]
[646.015, 3627]
[646.415, 3620]
[646.815, 3616]
[647.215, 3639]
[647.615, 3627]
[648.016, 3631]
[648.416, 3646]
[648.816, 3638]
[649.216, 3661]
[649.616, 3669]
[650.017, 3622]
[650.417, 3662]
[650.817, 3668]
[651.217, 3701]
[651.618, 3694]
[652.018, 3711]
[652.418, 3710]
[652.819, 3718]
[653.219, 3708]
[653.619, 3721]
[654.02, 3684]
[654.42, 3710]
[654.821, 3717]
[655.221, 3720]
[655.621, 3728]
[656.022, 3702]
[656.422, 3715]
[656.823, 3724]
[657.223, 3696]
[657.624, 3747]
[658.024, 3696]
[658.425, 3749]
[658.825, 3761]
[659.226, 3825]
[659.627, 3833]
[660.027, 3832]
[660.428, 3799]
[660.828, 3821]
[661.229, 3789]
[661.63, 3809]
[662.03, 3845]
[662.431, 3857]
[662.832, 3833]
[663.232, 3842]
[663.633, 3856]
[664.034, 3880]
[664.434, 3842]
[664.835, 3891]
[665.236, 3868]
[665.637, 3868]
[666.037, 3859]
[666.438, 3846]
[666.839, 3872]
[667.24, 3900]
[667.641, 3897]
[668.042, 3925]
[668.442, 3879]
[668.843, 3906]
[669.244, 3904]
[669.645, 3950]
[670.046, 3933]
[670.447, 3911]
[670.848, 3912]
[671.249, 3889]
[671.65, 3897]
[672.051, 3941]
[672.452, 3902]
[672.853, 3931]
[673.254, 3986]
[673.655, 3992]
[674.056, 3958]
[674.457, 3956]
[674.858, 3960]
[675.259, 3944]
[675.66, 3945]
[676.061, 3955]
[676.463, 3949]
[676.864, 4004]
[677.265, 3987]
[677.666, 4005]
[678.067, 3982]
[678.468, 3992]
[678.87, 4003]
[679.271, 4007]
[679.672, 4005]
[680.073, 4017]
[680.475, 3994]
[680.876, 4038]
[681.277, 4011]
[681.678, 4036]
[682.08, 4008]
[682.481, 4018]
[682.882, 4008]
[683.284, 4044]
[683.685, 4048]
[684.087, 4058]
[684.488, 4042]
[684.889, 4070]
[685.291, 4022]
[685.692, 4060]
[686.094, 4052]
[686.495, 4071]
[686.897, 4056]
[687.298, 4071]
[687.7, 4028]
[688.101, 4098]
[688.503, 4074]
[688.904, 4083]
[689.306, 4076]
[689.707, 4119]
[690.109, 4080]
[690.511, 4129]
[690.912, 4073]
[691.314, 4136]
[691.716, 4127]
[692.117, 4111]
[692.519, 4167]
[692.92, 4098]
[693.322, 4112]
[693.724, 4136]
[694.126, 4118]
[694.527, 4164]
[694.929, 4137]
[695.331, 4096]
[695.733, 4117]
[696.134, 4144]
[696.536, 4150]
[696.938, 4150]
[697.34, 4160]
[697.742, 4203]
[698.144, 4153]
[698.545, 4110]
[698.947, 4175]
[699.349, 4142]
[699.751, 4185]
[700.153, 4203]
[700.555, 4156]
[700.957, 4155]
[701.359, 4195]
[701.761, 4159]
[702.163, 4196]
[702.565, 4202]
[702.967, 4189]
[703.369, 4223]
[703.771, 4209]
[704.173, 4208]
[704.575, 4180]
[704.977, 4204]
[705.379, 4202]
[705.781, 4209]
[706.184, 4214]
[706.586, 4195]
[706.988, 4245]
[707.39, 4235]
[707.792, 4218]
[708.194, 4241]
[708.597, 4262]
[708.999, 4233]
[709.401, 4257]
[709.803, 4227]
[710.206, 4251]
[710.608, 4223]
[711.01, 4234]
[711.413, 4265]
[711.815, 4254]
[712.217, 4275]
[712.62, 4296]
[713.022, 4291]
[713.424, 4267]
[713.827, 4274]
[714.229, 4271]
[714.631, 4281]
[715.034, 4260]
[715.436, 4268]
[715.839, 4250]
[716.241, 4280]
[716.644, 4285]
[717.046, 4294]
[717.449, 4254]
[717.851, 4284]
[718.254, 4335]
[718.656, 4284]
[719.059, 4300]
[719.462, 4236]
[719.864, 4284]
[720.267, 4260]
[720.669, 4272]
[721.072, 4262]
[721.475, 4287]
[721.877, 4323]
[722.28, 4270]
[722.683, 4307]
[723.085, 4296]
[723.488, 4311]
[723.891, 4360]
[724.294, 4320]
[724.696, 4308]
[725.099, 4332]
[725.502, 4339]
[725.905, 4301]
[726.307, 4332]
[726.71, 4354]
[727.113, 4256]
[727.516, 4311]
[727.919, 4302]
[728.322, 4271]
[728.725, 4282]
[729.127, 4290]
[729.53, 4349]
[729.933, 4292]
[730.336, 4316]
[730.739, 4371]
[731.142, 4346]
[731.545, 4299]
[731.948, 4318]
[732.351, 4293]
[732.754, 4327]
[733.157, 4250]
[733.56, 4285]
[733.963, 4301]
[734.366, 4360]
[734.77, 4357]
[735.173, 4321]
[735.576, 4373]
[735.979, 4375]
[736.382, 4301]
[736.785, 4374]
[737.188, 4350]
[737.592, 4373]
[737.995, 4445]
[738.398, 4424]
[738.801, 4514]
[739.204, 4461]
[739.608, 4501]
[740.011, 4484]
[740.414, 4469]
[740.818, 4458]
[741.221, 4427]
[741.624, 4394]
[742.028, 4434]
[742.431, 4460]
[742.834, 4483]
[743.238, 4487]
[743.641, 4450]
[744.044, 4474]
[744.448, 4459]
[744.851, 4501]
[745.255, 4511]
[745.658, 4475]
[746.062, 4426]
[746.465, 4470]
[746.869, 4432]
[747.272, 4452]
[747.676, 4440]
[748.079, 4444]
[748.483, 4449]
[748.886, 4461]
[749.29, 4442]
[749.694, 4477]
[750.097, 4485]
[750.501, 4427]
[750.904, 4392]
[751.308, 4399]
[751.712, 4418]
[752.116, 4411]
[752.519, 4425]
[752.923, 4397]
[753.327, 4359]
[753.73, 4384]
[754.134, 4412]
[754.538, 4372]
[754.942, 4455]
[755.345, 4390]
[755.749, 4422]
[756.153, 4416]
[756.557, 4369]
[756.961, 4382]
[757.365, 4328]
[757.768, 4407]
[758.172, 4325]
[758.576, 4367]
[758.98, 4313]
[759.384, 4332]
[759.788, 4309]
[760.192, 4307]
[760.596, 4403]
[761, 4336]
[761.404, 4349]
[761.808, 4393]
[762.212, 4380]
[762.616, 4347]
[763.02, 4397]
[763.424, 4367]
[763.828, 4368]
[764.232, 4350]
[764.636, 4345]
[765.041, 4399]
[765.445, 4347]
[765.849, 4392]
[766.253, 4409]
[766.657, 4452]
[767.061, 4448]
[767.466, 4462]
[767.87, 4471]
[768.274, 4471]
[768.678, 4470]
[769.083, 4493]
[769.487, 4521]
[769.891, 4544]
[770.295, 4523]
[770.7, 4557]
[771.104, 4534]
[771.508, 4572]
[771.913, 4500]
[772.317, 4537]
[772.721, 4579]
[773.126, 4549]
[773.53, 4581]
[773.935, 4568]
[774.339, 4578]
[774.744, 4571]
[775.148, 4642]
[775.552, 4598]
[775.957, 4619]
[776.362, 4618]
[776.766, 4564]
[777.171, 4602]
[777.575, 4601]
[777.98, 4572]
[778.384, 4610]
[778.789, 4564]
[779.193, 4600]
[779.598, 4577]
[780.003, 4603]
[780.407, 4558]
[780.812, 4548]
[781.217, 4557]
[781.621, 4512]
[782.026, 4575]
[782.431, 4519]
[782.835, 4546]
[783.24, 4532]
[783.645, 4528]
[784.05, 4465]
[784.455, 4499]
[784.859, 4467]
[785.264, 4519]
[785.669, 4505]
[786.074, 4530]
[786.479, 4466]
[786.883, 4481]
[787.288, 4510]
[787.693, 4465]
[788.098, 4476]
[788.503, 4467]
[788.908, 4468]
[789.313, 4475]
[789.718, 4406]
[790.123, 4432]
[790.528, 4435]
[790.933, 4401]
[791.338, 4390]
[791.743, 4411]
[792.148, 4433]
[792.553, 4409]
[792.958, 4461]
[793.363, 4457]
[793.768, 4398]
[794.173, 4424]
[794.579, 4420]
[794.984, 4361]
[795.389, 4373]
[795.794, 4420]
[796.199, 4352]
[796.604, 4393]
[797.01, 4361]
[797.415, 4349]
[797.82, 4370]
[798.225, 4364]
[798.63, 4359]
[799.036, 4366]
[799.441, 4385]
[799.846, 4386]
[800.252, 4360]
[800.657, 4406]
[801.062, 4371]
[801.468, 4378]
[801.873, 4342]
[802.278, 4329]
[802.684, 4303]
[803.089, 4339]
[803.495, 4302]
[803.9, 4328]
[804.306, 4319]
[804.711, 4311]
[805.117, 4296]
[805.522, 4313]
[805.928, 4322]
[806.333, 4310]
[806.739, 4327]
[807.144, 4300]
[807.55, 4319]
[807.955, 4342]
[808.361, 4363]
[808.767, 4337]
[809.172, 4310]
[809.578, 4227]
[809.984, 4324]
[810.389, 4279]
[810.795, 4265]
[811.201, 4281]
[811.606, 4279]
[812.012, 4258]
[812.418, 4274]
[812.823, 4274]
[813.229, 4267]
[813.635, 4258]
[814.041, 4279]
[814.447, 4291]
[814.852, 4270]
[815.258, 4279]
[815.664, 4285]
[816.07, 4318]
[816.476, 4281]
[816.882, 4306]
[817.288, 4241]
[817.693, 4205]
[818.099, 4247]
[818.505, 4282]
[818.911, 4237]
[819.317, 4260]
[819.723, 4287]
[820.129, 4290]
[820.535, 4291]
[820.941, 4278]
[821.347, 4328]
[821.753, 4277]
[822.159, 4223]
[822.566, 4250]
[822.972, 4262]
[823.378, 4291]
[823.784, 4245]
[824.19, 4250]
[824.596, 4291]
[825.002, 4277]
[825.409, 4236]
[825.815, 4247]
[826.221, 4235]
[826.627, 4300]
[827.033, 4261]
[827.44, 4242]
[827.846, 4259]
[828.252, 4316]
[828.658, 4295]
[829.065, 4256]
[829.471, 4300]
[829.877, 4225]
[830.284, 4224]
[830.69, 4182]
[831.096, 4268]
[831.503, 4213]
[831.909, 4219]
[832.316, 4206]
[832.722, 4243]
[833.129, 4281]
[833.535, 4274]
[833.942, 4240]
[834.348, 4292]
[834.754, 4270]
[835.161, 4277]
[835.568, 4277]
[835.974, 4281]
[836.381, 4280]
[836.787, 4280]
[837.194, 4263]
[837.6, 4277]
[838.007, 4235]
[838.414, 4200]
[838.82, 4260]
[839.227, 4244]
[839.633, 4296]
[840.04, 4250]
[840.447, 4237]
[840.854, 4216]
[841.26, 4246]
[841.667, 4258]
[842.074, 4305]
[842.481, 4282]
[842.887, 4284]
[843.294, 4306]
[843.701, 4332]
[844.108, 4311]
[844.515, 4306]
[844.921, 4286]
[845.328, 4246]
[845.735, 4271]
[846.142, 4279]
[846.549, 4275]
[846.956, 4275]
[847.363, 4303]
[847.77, 4254]
[848.177, 4276]
[848.584, 4297]
[848.991, 4277]
[849.398, 4320]
[849.805, 4291]
[850.212, 4319]
[850.619, 4312]
[851.026, 4322]
[851.433, 4278]
[851.84, 4345]
[852.247, 4328]
[852.654, 4318]
[853.061, 4344]
[853.468, 4410]
[853.876, 4346]
[854.283, 4373]
[854.69, 4340]
[855.097, 4340]
[855.504, 4322]
[855.912, 4312]
[856.319, 4305]
[856.726, 4327]
[857.133, 4305]
[857.541, 4322]
[857.948, 4327]
[858.355, 4328]
[858.763, 4352]
[859.17, 4333]
[859.577, 4357]
[859.985, 4352]
[860.392, 4332]
[860.799, 4362]
[861.207, 4351]
[861.614, 4340]
[862.022, 4380]
[862.429, 4383]
[862.836, 4357]
[863.244, 4423]
[863.651, 4386]
[864.059, 4386]
[864.466, 4394]
[864.874, 4424]
[865.282, 4407]
[865.689, 4384]
[866.097, 4356]
[866.504, 4357]
[866.912, 4429]
[867.32, 4383]
[867.727, 4450]
[868.135, 4401]
[868.542, 4417]
[868.95, 4374]
[869.358, 4452]
[869.766, 4452]
[870.173, 4406]
[870.581, 4452]
[870.989, 4424]
[871.396, 4425]
[871.804, 4457]
[872.212, 4450]
[872.62, 4443]
[873.028, 4436]
[873.435, 4443]
[873.843, 4521]
[874.251, 4468]
[874.659, 4508]
[875.067, 4494]
[875.475, 4463]
[875.883, 4463]
[876.291, 4495]
[876.699, 4466]
[877.107, 4447]
[877.515, 4421]
[877.922, 4419]
[878.331, 4449]
[878.739, 4431]
[879.147, 4442]
[879.555, 4475]
[879.963, 4436]
[880.371, 4515]
[880.779, 4495]
[881.187, 4502]
[881.595, 4479]
[882.003, 4547]
[882.411, 4563]
[882.819, 4620]
[883.228, 4575]
[883.636, 4635]
[884.044, 4645]
[884.452, 4682]
[884.86, 4699]
[885.269, 4731]
[885.677, 4747]
[886.085, 4808]
[886.493, 4813]
[886.902, 4810]
[887.31, 4899]
[887.718, 4876]
[888.127, 4846]
[888.535, 4875]
[888.943, 4869]
[889.352, 4893]
[889.76, 4870]
[890.168, 4887]
[890.577, 4899]
[890.985, 4901]
[891.394, 4950]
[891.802, 4905]
[892.211, 4888]
[892.619, 4918]
[893.028, 4871]
[893.436, 4866]
[893.845, 4864]
[894.253, 4852]
[894.662, 4849]
[895.07, 4870]
[895.479, 4853]
[895.888, 4873]
[896.296, 4863]
[896.705, 4830]
[897.114, 4824]
[897.522, 4814]
[897.931, 4829]
[898.34, 4803]
[898.748, 4806]
[899.157, 4769]
[899.566, 4811]
[899.974, 4809]
[900.383, 4792]
[900.792, 4798]
[901.201, 4817]
[901.61, 4824]
[902.018, 4840]
[902.427, 4842]
[902.836, 4812]
[903.245, 4808]
[903.654, 4773]
[904.063, 4782]
[904.472, 4725]
[904.88, 4797]
[905.289, 4746]
[905.698, 4733]
[906.107, 4753]
[906.516, 4718]
[906.925, 4765]
[907.334, 4742]
[907.743, 4750]
[908.152, 4705]
[908.561, 4715]
[908.97, 4771]
[909.379, 4738]
[909.789, 4775]
[910.198, 4726]
[910.607, 4722]
[911.016, 4753]
[911.425, 4735]
[911.834, 4775]
[912.243, 4750]
[912.652, 4745]
[913.062, 4774]
[913.471, 4751]
[913.88, 4758]
[914.289, 4726]
[914.699, 4709]
[915.108, 4712]
[915.517, 4693]
[915.926, 4681]
[916.336, 4698]
[916.745, 4701]
[917.154, 4703]
[917.564, 4672]
[917.973, 4674]
[918.383, 4706]
[918.792, 4679]
[919.201, 4709]
[919.611, 4654]
[920.02, 4697]
[920.43, 4661]
[920.839, 4671]
[921.249, 4707]
[921.658, 4684]
[922.068, 4716]
[922.477, 4703]
[922.887, 4688]
[923.296, 4714]
[923.706, 4766]
[924.115, 4703]
[924.525, 4691]
[924.935, 4663]
[925.344, 4708]
[925.754, 4699]
[926.163, 4673]
[926.573, 4686]
[926.983, 4652]
[927.392, 4638]
[927.802, 4637]
[928.212, 4638]
[928.622, 4595]
[929.031, 4598]
[929.441, 4637]
[929.851, 4624]
[930.261, 4604]
[930.67, 4606]
[931.08, 4584]
[931.49, 4612]
[931.9, 4565]
[932.31, 4614]
[932.72, 4572]
[933.13, 4596]
[933.539, 4596]
[933.949, 4614]
[934.359, 4560]
[934.769, 4590]
[935.179, 4615]
[935.589, 4574]
[935.999, 4611]
[936.409, 4577]
[936.819, 4641]
[937.229, 4575]
[937.639, 4575]
[938.049, 4604]
[938.46, 4520]
[938.87, 4562]
[939.28, 4563]
[939.69, 4539]
[940.1, 4499]
[940.51, 4557]
[940.92, 4485]
[941.331, 4534]
[941.741, 4491]
[942.151, 4515]
[942.561, 4514]
[942.971, 4539]
[943.382, 4526]
[943.792, 4523]
[944.202, 4509]
[944.612, 4480]
[945.023, 4494]
[945.433, 4502]
[945.843, 4487]
[946.254, 4523]
[946.664, 4494]
[947.074, 4536]
[947.485, 4540]
[947.895, 4469]
[948.306, 4515]
[948.716, 4516]
[949.126, 4499]
[949.537, 4488]
[949.947, 4466]
[950.358, 4471]
[950.768, 4506]
[951.179, 4490]
[951.59, 4420]
[952, 4429]
[952.411, 4422]
[952.821, 4472]
[953.232, 4416]
[953.642, 4467]
[954.053, 4407]
[954.464, 4400]
[954.874, 4406]
[955.285, 4391]
[955.696, 4378]
[956.106, 4454]
[956.517, 4400]
[956.928, 4422]
[957.339, 4457]
[957.749, 4407]
[958.16, 4400]
